Time_s,Acceleration_Linear_mps2,Acceleration_Sine_mps2,Acceleration_Exp_mps2,Acceleration_Poly5_mps2
0.0,0.5833333333333333,0.9162936704984264,2.912449316586099,6.44911728395e-05
0.002,0.5833333333333333,0.9162811101715068,2.8883800400754036,0.0002566735802469
0.004,0.5833333333333331,0.9162434295350959,2.840639317202298,0.0008296819135802
0.006,0.5833333333333333,0.916180629622227,2.7936876790717884,0.0017761402469136
0.008,0.5833333333333336,0.9160927121545914,2.7475120832602724,0.0030884004320988
0.01,0.583333333333333,0.9159796795424916,2.7020997029164517,0.0047588661728395
0.012,0.583333333333333,0.9158415348847738,2.657437923198202,0.0067799930246914
0.014,0.5833333333333335,0.9156782819687413,2.6135143377684216,0.0091442883950617
0.016,0.5833333333333333,0.9154899252700582,2.570316745348758,0.0118443115432099
0.018,0.5833333333333337,0.915276469952618,2.5278331463301913,0.0148726735802469
0.02,0.5833333333333333,0.9150379218684032,2.486051739439823,0.0182220374691358
0.022,0.5833333333333324,0.9147742875573348,2.444960918462658,0.0218851180246914
0.024,0.5833333333333337,0.9144855742470784,2.404549269017498,0.0258546819135803
0.026,0.5833333333333337,0.9141717898528524,2.364805565386343,0.030123547654321
0.028,0.5833333333333337,0.9138329429772178,2.325718767395964,0.034684585617284
0.03,0.5833333333333333,0.913469042909832,2.287278017351128,0.0395307180246914
0.032,0.5833333333333324,0.9130800996271998,2.2494726370185445,0.0446549189506172
0.034,0.5833333333333333,0.9126661237923968,2.2122921246605713,0.0500502143209876
0.036,0.5833333333333333,0.9122271267547802,2.1757261521180395,0.0557096819135803
0.038,0.5833333333333341,0.9117631205496756,2.139764561941246,0.0616264513580247
0.04,0.5833333333333333,0.911274117898049,2.1043973645683383,0.0677937041358025
0.042,0.5833333333333324,0.9107601322061488,2.069614735550406,0.0742046735802469
0.044,0.5833333333333333,0.910221177565158,2.035407012822406,0.0808526448765431
0.046,0.5833333333333324,0.9096572687507972,2.0017646940191542,0.0877309550617285
0.048,0.5833333333333341,0.9090684212228958,1.9686784338357983,0.0948329930246913
0.05,0.583333333333335,0.9084546511250094,1.9361390414317676,0.1021521995061728
0.052,0.5833333333333333,0.9078159752839676,1.9041374778776887,0.1096820670987654
0.054,0.5833333333333324,0.9071524112093838,1.872664853644606,0.1174161402469136
0.056,0.5833333333333315,0.9064639770931978,1.8417124261345053,0.1253480152469137
0.058,0.583333333333335,0.9057506918091848,1.8112715972518345,0.1334713402469137
0.06,0.583333333333335,0.9050125749124182,1.7813339110150719,0.1417798152469136
0.062,0.5833333333333315,0.9042496466387452,1.751891051207731,0.1502671920987653
0.064,0.5833333333333333,0.9034619279042339,1.7229348390683588,0.1589272745061726
0.066,0.5833333333333333,0.9026494403045914,1.6944572310184716,0.1677539180246912
0.068,0.5833333333333333,0.90181220611457,1.6664503164282862,0.1767410300617287
0.07,0.5833333333333333,0.9009502482873656,1.638906315419214,0.1858825698765432
0.072,0.5833333333333333,0.9000635904539943,1.6118175767027703,0.1951725485802468
0.074,0.5833333333333333,0.8991522569226328,1.5851765754551148,0.2046050291358026
0.076,0.5833333333333315,0.898216272677943,1.5589759112268065,0.2141741263580251
0.078,0.583333333333335,0.8972556633804023,1.5332083058871224,0.2238740069135804
0.08,0.583333333333335,0.8962704553656075,1.5078666016021813,0.2336988893209867
0.082,0.5833333333333315,0.8952606756435326,1.4829437588467567,0.2436430439506176
0.084,0.5833333333333333,0.8942263518977935,1.4584328544487088,0.253700793024692
0.086,0.5833333333333333,0.893167512484902,1.434327079665884,0.2638665106172834
0.088,0.5833333333333315,0.8920841864334811,1.4106197382947396,0.2741346226543206
0.09,0.5833333333333333,0.8909764034434504,1.3873042448101918,0.2844996069135798
0.092,0.583333333333335,0.8898441938852488,1.3643741225363646,0.2949559930246924
0.094,0.5833333333333315,0.8886875887989705,1.3418230018474377,0.3054983624691372
0.096,0.5833333333333333,0.8875066198935182,1.3196446183981885,0.3161213485802453
0.098,0.5833333333333367,0.8863013195457743,1.297832811383938,0.3268196365432082
0.1,0.5833333333333315,0.8850717207996364,1.2763815218291632,0.3375879633950628
0.102,0.5833333333333333,0.8838178573651808,1.255284790904372,0.3484211180246922
0.104,0.5833333333333333,0.8825397636177124,1.2345367582708848,0.3593139411728389
0.106,0.5833333333333333,0.8812374745968098,1.214131660452894,0.3702613254320986
0.108,0.583333333333335,0.8799110260053928,1.1940638292364734,0.381258215246913
0.11,0.5833333333333315,0.8785604542087058,1.1743276900950048,0.3922996069135806
0.112,0.583333333333335,0.877185796233363,1.1549177606406946,0.403380548580249
0.114,0.5833333333333315,0.8757870897663153,1.1358286491017222,0.4144961402469142
0.116,0.5833333333333315,0.874364373153802,1.11705505282432,0.4256415337654304
0.118,0.5833333333333385,0.8729176854003172,1.0985917567999035,0.4368119328395058
0.12,0.5833333333333315,0.8714470661675341,1.0804336322164514,0.4480025930246922
0.122,0.5833333333333315,0.8699525557732228,1.0625756350336883,0.4592088217283954
0.124,0.583333333333335,0.8684341951901396,1.045012804582024,0.4704259782098751
0.126,0.5833333333333315,0.8668920260449103,1.0277402621844816,0.4816494735802468
0.128,0.583333333333335,0.8653260906168816,1.0107532098015541,0.4928747708024712
0.13,0.583333333333335,0.8637364318369624,0.9940469286984221,0.5040973846913562
0.132,0.5833333333333315,0.8621230932864543,0.9776167781339536,0.5153128819135782
0.134,0.5833333333333315,0.8604861191958343,0.9614581940717986,0.5265168809876538
0.136,0.583333333333335,0.8588255544435923,0.9455666879124996,0.5377050522839517
0.138,0.583333333333335,0.8571414445549368,0.9299378452466074,0.5488731180246943
0.14,0.5833333333333315,0.8554338357006052,0.9145673246284264,0.5600168522839517
0.142,0.5833333333333315,0.8537027746955556,0.8994508563700404,0.5711320809876517
0.144,0.5833333333333315,0.8519483089976728,0.8845842413553531,0.5822146819135787
0.146,0.583333333333335,0.8501704867065474,0.8699633498734579,0.5932605846913578
0.148,0.583333333333335,0.84836935656208,0.8555841204715627,0.6042657708024683
0.15,0.5833333333333315,0.8465449679431399,0.8414425588268576,0.615226273580247
0.152,0.583333333333335,0.8446973708662736,0.8275347366368396,0.6261381782098775
0.154,0.5833333333333315,0.8428266159842892,0.8138567905281169,0.6369976217283981
0.156,0.5833333333333315,0.8409327545848833,0.8004049209832803,0.6478007930246881
0.158,0.5833333333333385,0.8390158385892174,0.787175391285394,0.6585439328395029
0.16,0.5833333333333315,0.8370759205505035,0.7741645264800617,0.6692233337654372
0.162,0.5833333333333315,0.8351130536525808,0.7613687123544655,0.6798353402469106
0.164,0.583333333333335,0.833127291708452,0.7487843944335298,0.6903763485802474
0.166,0.5833333333333315,0.8311186891587635,0.7364080769924897,0.7008428069135847
0.168,0.5833333333333315,0.8290873010703553,0.7242363220857778,0.7112312152469068
0.17,0.583333333333335,0.8270331831347899,0.7122657485921224,0.7215381254321029
0.172,0.583333333333335,0.8249563916667424,0.7004930312752428,0.7317601411728405
0.174,0.5833333333333315,0.8228569836024948,0.6889148998601852,0.7418939180246844
0.176,0.583333333333335,0.820735016498389,0.6775281381248693,0.7519361633950665
0.178,0.5833333333333315,0.8185905485291952,0.6663295830067056,0.7618836365432067
0.18,0.5833333333333315,0.8164236384866005,0.6553161237239508,0.7717331485802437
0.182,0.583333333333335,0.8142343457775564,0.6444847009115656,0.7814815624691395
0.184,0.5833333333333315,0.8120227304226069,0.6338323057712841,0.7911257930246929
0.186,0.583333333333335,0.8097888530543274,0.6233559792359761,0.8006628069135868
0.188,0.5833333333333385,0.8075327749155689,0.6130528111476102,0.8100896226543186
0.19,0.583333333333328,0.8052545578578693,0.6029199394487761,0.8194033106172887
0.192,0.583333333333328,0.8029542643396836,0.5929545493877225,0.8286009930246925
0.194,0.5833333333333385,0.8006319574247258,0.5831538727364832,0.8376798439506012
0.196,0.583333333333335,0.798287700780248,0.5735151870218669,0.8466370893209889
0.198,0.583333333333335,0.7959215586751806,0.5640358147691732,0.8554700069135813
0.2,0.5833333333333315,0.7935335959785225,0.5547131227584962,0.8641759263580233
0.202,0.583333333333328,0.791123878157482,0.545544521293212,0.872752229135805
0.204,0.583333333333335,0.7886924712756926,0.5365274634806516,0.8811963485802453
0.206,0.5833333333333385,0.7862394419914098,0.5276594445245558,0.8895057698765432
0.208,0.583333333333335,0.7837648575556369,0.5189380010292705,0.8976780300617264
0.21,0.583333333333328,0.7812687858103975,0.51036071031553,0.9057107180246922
0.212,0.5833333333333315,0.7787512951867372,0.501925189747468,0.9136014745061773
0.214,0.5833333333333385,0.7762124547029194,0.493629096070633,0.9213479920987672
0.216,0.5833333333333315,0.7736523339625517,0.4854701247612309,0.9289480152469172
0.218,0.5833333333333315,0.7710710031526637,0.4774460093858873,0.936399340246908
0.22,0.5833333333333315,0.7684685330417231,0.4695545209720542,0.9436998152469074
0.222,0.5833333333333315,0.7658449949777337,0.4617934673889074,0.9508473402469186
0.224,0.5833333333333385,0.7632004608863554,0.4541606927383063,0.9578398670987628
0.226,0.5833333333333385,0.7605350032688224,0.4466540767559674,0.9646753995061832
0.228,0.5833333333333315,0.7578486951999863,0.4392715342225462,0.971351993024696
0.23,0.5833333333333246,0.7551416103263389,0.4320110143843092,0.9778677550617219
0.232,0.5833333333333315,0.7524138228640065,0.4248705003834646,0.9842208448765378
0.234,0.5833333333333385,0.7496654075966336,0.4178480086980546,0.9904094735802386
0.236,0.5833333333333385,0.7468964398733985,0.4109415885907574,0.9964319041358172
0.238,0.5833333333333385,0.7441069956070009,0.4041493215670988,1.0022864513580323
0.24,0.5833333333333246,0.7412971512714347,0.3974693208426278,1.0079714819135646
0.242,0.5833333333333246,0.7384669838999824,0.3908997308185863,1.0134854143209886
0.244,0.5833333333333385,0.7356165710831405,0.3844387265666132,1.0188267189506182
0.246,0.5833333333333385,0.732745990966413,0.3780845133218025,1.0239939180246953
0.248,0.5833333333333385,0.7298553222481948,0.3718353259840462,1.0289855856172938
0.25,0.5833333333333315,0.7269446441776419,0.3656894286277746,1.0338003476543025
0.252,0.5833333333333246,0.7240140365524574,0.3596451140197576,1.0384368819135736
0.254,0.5833333333333315,0.7210635797167131,0.3537007031448325,1.0428939180247045
0.256,0.5833333333333385,0.7180933545586909,0.3478545447395814,1.0471702374691416
0.258,0.5833333333333385,0.7151034425086147,0.3421050148335048,1.0512646735802502
0.26,0.5833333333333315,0.712093925536443,0.3364505162979648,1.0551761115431961
0.262,0.5833333333333315,0.7090648861495726,0.3308894784025823,1.0589034883950466
0.264,0.5833333333333315,0.7060164073906666,0.3254203563788638,1.0624457930246967
0.266,0.5833333333333315,0.7029485728353296,0.3200416309910858,1.0658020661728427
0.268,0.5833333333333385,0.6998614665897629,0.3147518081142303,1.0689714004321198
0.27,0.5833333333333315,0.6967551732885504,0.30954941831908,1.0719529402469161
0.272,0.5833333333333315,0.693629778092314,0.3044330164639064,1.074745881913544
0.274,0.5833333333333385,0.6904853666853117,0.2994011812930686,1.0773494735802427
0.276,0.5833333333333315,0.6873220252731904,0.2944525150422178,1.079763015246933
0.278,0.5833333333333315,0.6841398405805499,0.2895856430499971,1.0819858587654483
0.28,0.5833333333333315,0.6809388998485835,0.2847992133762356,1.084017407839498
0.282,0.5833333333333315,0.6777192908327331,0.2800918964263738,1.0858571180246968
0.284,0.5833333333333385,0.6744811018001492,0.2754623845821064,1.0875044967284113
0.286,0.5833333333333315,0.671224421527436,0.270909391838145,1.088959103209851
0.288,0.5833333333333315,0.66794933929816,0.2664316534449762,1.0902205485802328
0.29,0.5833333333333315,0.6646559449003455,0.2620279255576286,1.0912884958024713
0.292,0.5833333333333315,0.6613443286240389,0.2576969848900324,1.0921626596913507
0.294,0.5833333333333385,0.6580145812588658,0.253437628375236,1.0928428069135812
0.296,0.5833333333333385,0.6546667940915823,0.249248672831312,1.093328755987659
0.298,0.5833333333333315,0.6513010589034515,0.2451289546325092,1.0936203772839574
0.3,0.5833333333333246,0.6479174679677526,0.241077329386205,1.0937175930247067
0.302,0.5833333333333315,0.6445161140473665,0.237092671614883,1.0936203772839368
0.304,0.5833333333333385,0.64109709039218,0.2331738744435346,1.0933287559876728
0.306,0.5833333333333385,0.6376604907364081,0.2293198492922116,1.0928428069135951
0.308,0.5833333333333385,0.6342064092961508,0.2255295255735728,1.0921626596913578
0.31,0.5833333333333246,0.6307349407668056,0.2218018503955394,1.0912884958024782
0.312,0.5833333333333246,0.6272461803204649,0.2181357882688056,1.0902205485802396
0.314,0.5833333333333385,0.6237402236032585,0.2145303208192645,1.0889591032098578
0.316,0.5833333333333385,0.6202171667327172,0.2109844465049415,1.0875044967283767
0.318,0.5833333333333385,0.6166771062952325,0.2074971803379538,1.0858571180246899
0.32,0.5833333333333315,0.6131201393433927,0.2040675536108538,1.0840174078395048
0.322,0.5833333333333246,0.6095463633932208,0.2006946136274973,1.0819858587654552
0.324,0.5833333333333315,0.6059558764215656,0.1973774234384079,1.0797630152469122
0.326,0.5833333333333385,0.602348776863465,0.194115061580527,1.0773494735802012
0.328,0.5833333333333315,0.5987251636093843,0.1909066218212657,1.0747458819136066
0.33,0.5833333333333315,0.5950851360025239,0.1877512129067477,1.0719529402469645
0.332,0.5833333333333385,0.5914287938360158,0.1846479583141602,1.0689714004320714
0.334,0.5833333333333315,0.5877562373503564,0.1815959960084212,1.0658020661728078
0.336,0.5833333333333315,0.5840675672305895,0.1785944782026066,1.0624457930247035
0.338,0.5833333333333315,0.5803628846034053,0.1756425711224169,1.0589034883950466
0.34,0.5833333333333315,0.5766422910345459,0.1727394547747091,1.0551761115431824
0.342,0.5833333333333385,0.5729058885260152,0.1698843227196378,1.0512646735802988
0.344,0.5833333333333385,0.5691537795131651,0.167076381846612,1.0471702374691485
0.346,0.5833333333333315,0.5653860668619337,0.1643148521539434,1.0428939180246524
0.348,0.5833333333333246,0.5616028538660695,0.1615989665323114,1.0384368819136014
0.35,0.5833333333333315,0.5578042442442588,0.1589279705516006,1.0338003476543303
0.352,0.5833333333333385,0.5539903421373504,0.1563011222513039,1.02898558561728
0.354,0.5833333333333385,0.5501612521053578,0.153717691934438,1.0239939180246986
0.356,0.5833333333333315,0.5463170791246974,0.1511769619648717,1.0188267189506077
0.358,0.5833333333333246,0.5424579285853715,0.1486782265679165,1.013485414320954
0.36,0.5833333333333315,0.538583906287915,0.1462207916343716,1.0079714819135888
0.362,0.5833333333333385,0.5346951184405924,0.1438039745276232,1.0022864513580532
0.364,0.5833333333333385,0.530791671656497,0.1414271038939902,0.996431904135793
0.366,0.5833333333333315,0.526873672950609,0.1390895194764152,0.9904094735802352
0.368,0.5833333333333315,0.5229412297368258,0.136790571930806,0.9842208448765446
0.37,0.5833333333333315,0.5189944498250609,0.1345296226458736,0.9778677550617564
0.372,0.5833333333333385,0.5150334414182889,0.1323060435656359,0.9713519930247134
0.374,0.5833333333333385,0.511058313109547,0.1301192170148624,0.9646753995061902
0.376,0.5833333333333246,0.5070691738789934,0.1279685355277394,0.9578398670987281
0.378,0.5833333333333385,0.5030661330908959,0.1258534016789076,0.9508473402468632
0.38,0.5833333333333385,0.4990493004906338,0.1237732279175396,0.9436998152469316
0.382,0.5833333333333176,0.4950187862017147,0.1217274364042481,0.9363993402470157
0.384,0.5833333333333315,0.4909747007227211,0.1197154588504778,0.9289480152469138
0.386,0.5833333333333385,0.4869171549242712,0.1177367363605908,0.9213479920986838
0.388,0.5833333333333385,0.4828462600460631,0.1157907192767676,0.913601474506101
0.39,0.5833333333333385,0.4787621276937382,0.113876867026172,0.9057107180246576
0.392,0.5833333333333246,0.474664869835828,0.1119946479708756,0.8976780300617992
0.394,0.5833333333333315,0.4705545988007431,0.1101435392601713,0.8895057698765779
0.396,0.5833333333333315,0.4664314272736225,0.1083230266852447,0.8811963485802071
0.398,0.5833333333333385,0.4622954682933222,0.1065326045364967,0.8727522291357703
0.4,0.5833333333333385,0.4581468352492235,0.1047717754629196,0.8641759263580684
0.402,0.5833333333333246,0.4539856418781796,0.1030400503339857,0.8554700069136334
0.404,0.5833333333333315,0.4498120022614626,0.1013369481038251,0.8466370893209368
0.406,0.5833333333333315,0.4456260308214888,0.0996619956775136,0.8376798439505423
0.408,0.5833333333333385,0.4414278423187506,0.0980147277797189,0.8286009930247168
0.41,0.5833333333333385,0.4372175518487509,0.0963946868254434,0.8194033106173199
0.412,0.5833333333333246,0.4329952748387128,0.0948014227929034,0.8100896226543586
0.414,0.5833333333333385,0.4287611270444858,0.0932344930985041,0.8006628069135852
0.416,0.5833333333333385,0.4245152245473532,0.0916934624739102,0.7911257930246635
0.418,0.5833333333333315,0.4202576837508826,0.0901779028451566,0.7814815624691135
0.42,0.5833333333333315,0.4159886213777608,0.0886873932137017,0.771733148580242
0.422,0.5833333333333246,0.4117081544664502,0.087221519539521,0.7618836365432119
0.424,0.5833333333333385,0.4074164003680797,0.0857798746260741,0.7519361633950283
0.426,0.5833333333333385,0.4031134767433081,0.0843620580071452,0.7418939180246775
0.428,0.5833333333333385,0.3987995015589385,0.0829676758356684,0.7317601411728908
0.43,0.5833333333333385,0.3944745930847815,0.0815963407743009,0.7215381254321723
0.432,0.5833333333333246,0.3901388698903802,0.0802476718878148,0.7112312152469241
0.434,0.5833333333333246,0.3857924508417626,0.0789212945373208,0.7008428069135847
0.436,0.5833333333333246,0.3814354550982779,0.0776168402761013,0.6903763485802406
0.438,0.5833333333333385,0.3770680021090988,0.0763339467473589,0.6798353402468482
0.44,0.5833333333333385,0.3726902116101272,0.0750722575835888,0.6692233337654702
0.442,0.5833333333333246,0.368302203620774,0.0738314223074077,0.6585439328395254
0.444,0.5833333333333385,0.3639040984404484,0.0726110962343818,0.6478007930245389
0.446,0.5833333333333385,0.3594960166454358,0.0714109403772006,0.6369976217283496
0.448,0.5833333333333385,0.3550780790855524,0.0702306213515302,0.6261381782099729
0.45,0.5833333333333385,0.3506504068807454,0.0690698112834065,0.6152262735802799
0.452,0.5833333333333246,0.3462131214179154,0.0679281877180721,0.6042657708024424
0.454,0.5833333333333385,0.3417663443474606,0.066805433530534,0.5932605846914463
0.456,0.5833333333333385,0.3373101975800291,0.0657012368374676,0.582214681913551
0.458,0.5833333333333246,0.332844803283161,0.0646152909104386,0.5711320809875797
0.46,0.5833333333333246,0.3283702838778602,0.0635472940907905,0.5600168522840038
0.462,0.5833333333333246,0.323886762035347,0.0624969497058925,0.5488731180247203
0.464,0.5833333333333385,0.3193943606736582,0.0614639659866634,0.5377050522839266
0.466,0.5833333333333385,0.3148932029542195,0.0604480559865672,0.5265168809875514
0.468,0.5833333333333385,0.3103834122785698,0.059448937501802,0.5153128819136016
0.47,0.5833333333333385,0.3058651122848644,0.0584663329930291,0.5040973846913988
0.472,0.5833333333333246,0.3013384268445996,0.0574999695082679,0.4928747708025094
0.474,0.5833333333333385,0.2968034800591574,0.0565495786069986,0.4816494735803284
0.476,0.5833333333333385,0.2922603962563636,0.0556148962856384,0.4704259782098291
0.478,0.5833333333333385,0.287709299987185,0.0546956629041695,0.4592088217283963
0.48,0.5833333333333246,0.2831503160222182,0.0537916231140995,0.4480025930247156
0.482,0.5833333333333107,0.2785835693482896,0.0529025257874627,0.4368119328394398
0.484,0.5833333333333385,0.2740091851650833,0.052028123947015,0.4256415337653696
0.486,0.5833333333333385,0.2694272888816712,0.0511681746977744,0.4144961402469672
0.488,0.5833333333333385,0.2648380061130024,0.0503224391594365,0.4033805485803149
0.49,0.5833333333333385,0.2602414626766275,0.049490682399983,0.392299606913546
0.492,0.5833333333333246,0.255637784589105,0.0486726733705256,0.3812582152468574
0.494,0.5833333333333385,0.2510270980625728,0.0478681848410933,0.370261325432164
0.496,0.5833333333333385,0.2464095295013346,0.0470769933374748,0.359313941172848
0.498,0.5833333333333385,0.2417852054983766,0.0462988790791569,0.3484211180246472
0.5,0.5833333333333385,0.2371542528318976,0.0455336259182898,0.3375879633951418
0.502,0.5833333333333246,0.2325167984617571,0.0447810212796246,0.3268196365431298
0.504,0.5833333333333246,0.2278729695261162,0.0440408561014904,0.3161213485801672
0.506,0.5833333333333246,0.2232228933379266,0.0433129247776887,0.3054983624691393
0.508,0.5833333333333385,0.2185666973813644,0.0425970251003854,0.294955993024773
0.51,0.5833333333333385,0.2139045093083602,0.0418929582039346,0.2844996069136657
0.512,0.5833333333333246,0.2092364569351996,0.0412005285096995,0.2741346226543123
0.514,0.5833333333333385,0.2045626682388862,0.0405195436716799,0.263866510617286
0.516,0.5833333333333385,0.1998832713536597,0.0398498145229714,0.2537007930246554
0.518,0.5833333333333385,0.1951983945675945,0.0391911550234186,0.2436430439506088
0.52,0.5833333333333385,0.1905081663189368,0.0385433822078507,0.233698889321024
0.522,0.5833333333333246,0.1858127151926764,0.0379063161351501,0.2238740069134826
0.524,0.5833333333333385,0.1811121699169527,0.037279779838445,0.214174126357991
0.526,0.5833333333333385,0.1764066593595848,0.0366635992758713,0.2046050291358015
0.528,0.5833333333333246,0.1716963125245746,0.0360576032821802,0.1951725485801054
0.53,0.5833333333333246,0.1669812585484154,0.035461623521249,0.1858825698766164
0.532,0.5833333333333246,0.1622616266966914,0.0348754944393126,0.1767410300619471
0.534,0.5833333333333385,0.1575375463605116,0.0342990532189724,0.1677539180246212
0.536,0.5833333333333385,0.1528091470529152,0.033732139733969,0.1589272745060877
0.538,0.5833333333333385,0.1480765584053745,0.0331745965046898,0.1502671920989851
0.54,0.5833333333333385,0.1433399101641725,0.0326262686544121,0.1417798152468092
0.542,0.5833333333333246,0.13859933218692,0.032087003866324,0.1334713402467713
0.544,0.5833333333333385,0.133854954438975,0.031556652341197,0.1253480152470232
0.546,0.5833333333333385,0.1291069069898343,0.0310350667557385,0.11741614024674
0.548,0.5833333333333385,0.1243553200096226,0.0305221022217084,0.1096820670987431
0.55,0.5833333333333385,0.1196003237655119,0.0300176162457005,0.1021521995063224
0.552,0.5833333333333107,0.1148420486180857,0.0295214686894113,0.094832993024721
0.554,0.5833333333333246,0.1100806250178693,0.0290335217309062,0.0877309550618155
0.556,0.5833333333333385,0.1053161835017358,0.028553639826262,0.0808526448764918
0.558,0.5833333333333385,0.100548854689228,0.0280816896718328,0.0742046735802138
0.56,0.5833333333333385,0.0957787692790757,0.0276175401673351,0.0677937041358712
0.562,0.5833333333333246,0.0910060580455868,0.0271610623793495,0.0616264513579323
0.564,0.5833333333333385,0.0862308518350396,0.0267121295055434,0.0557096819135544
0.566,0.5833333333333385,0.0814532815621299,0.0262706168394772,0.0500502143212511
0.568,0.5833333333333385,0.0766734782063627,0.0258364017359375,0.0446549189504764
0.57,0.5833333333333385,0.071891572808444,0.025409363576756,0.0395307180244969
0.572,0.5833333333333246,0.0671076964667561,0.0249893837374893,0.0346845856175199
0.574,0.5833333333333246,0.0623219803336794,0.0245763455544445,0.0301235476543454
0.576,0.5833333333333246,0.0575345556120127,0.0241701342920536,0.0258546819134481
0.578,0.5833333333333385,0.0527455535514476,0.0237706371112451,0.0218851180246171
0.58,0.5833333333333385,0.0479551054449051,0.0233777430380666,0.0182220374691511
0.582,0.5833333333333246,0.0431633426248995,0.0229913429327377,0.0148726735801075
0.584,0.5833333333333385,0.0383703964600413,0.0226113294593683,0.011844311543302
0.586,0.5833333333333385,0.0335763983514148,0.0222375970562322,0.0091442883951853
0.588,0.5833333333333385,0.0287814797288455,0.0218700419063883,0.0067799930247997
0.59,0.5833333333333385,0.0239857720474579,0.0215085619088146,0.0047588661728076
0.592,0.5833333333333246,0.0191894067840398,0.0211530566500834,0.0030884004319498
0.594,0.5833333333333385,0.0143925154333369,0.0208034273764396,0.0017761402469063
0.596,0.5833333333333385,0.0095952295045415,0.020459576966364,0.000829681913686
0.598,0.5833333333333246,0.0047976805176847,0.0101445422190927,0.0002566735803483
0.6,0.2916666666666623,0.0011994283501543,0.0,3.22455862845e-05
0.602,0.0,0.0,0.0,0.0
0.604,0.0,0.0,0.0,0.0
0.606,0.0,0.0,0.0,0.0
0.608,0.0,0.0,0.0,0.0
0.61,0.0,0.0,0.0,0.0
0.612,0.0,0.0,0.0,0.0
0.614,0.0,0.0,0.0,0.0
0.616,0.0,0.0,0.0,0.0
0.618,0.0,0.0,0.0,0.0
0.62,0.0,0.0,0.0,0.0
0.622,0.0,0.0,0.0,0.0
0.624,0.0,0.0,0.0,0.0
0.626,0.0,0.0,0.0,0.0
0.628,0.0,0.0,0.0,0.0
0.63,0.0,0.0,0.0,0.0
0.632,0.0,0.0,0.0,0.0
0.634,0.0,0.0,0.0,0.0
0.636,0.0,0.0,0.0,0.0
0.638,0.0,0.0,0.0,0.0
0.64,0.0,0.0,0.0,0.0
0.642,0.0,0.0,0.0,0.0
0.644,0.0,0.0,0.0,0.0
0.646,0.0,0.0,0.0,0.0
0.648,0.0,0.0,0.0,0.0
0.65,0.0,0.0,0.0,0.0
0.652,0.0,0.0,0.0,0.0
0.654,0.0,0.0,0.0,0.0
0.656,0.0,0.0,0.0,0.0
0.658,0.0,0.0,0.0,0.0
0.66,0.0,0.0,0.0,0.0
0.662,0.0,0.0,0.0,0.0
0.664,0.0,0.0,0.0,0.0
0.666,0.0,0.0,0.0,0.0
0.668,0.0,0.0,0.0,0.0
0.67,0.0,0.0,0.0,0.0
0.672,0.0,0.0,0.0,0.0
0.674,0.0,0.0,0.0,0.0
0.676,0.0,0.0,0.0,0.0
0.678,0.0,0.0,0.0,0.0
0.68,0.0,0.0,0.0,0.0
0.682,0.0,0.0,0.0,0.0
0.684,0.0,0.0,0.0,0.0
0.686,0.0,0.0,0.0,0.0
0.688,0.0,0.0,0.0,0.0
0.69,0.0,0.0,0.0,0.0
0.692,0.0,0.0,0.0,0.0
0.694,0.0,0.0,0.0,0.0
0.696,0.0,0.0,0.0,0.0
0.698,0.0,0.0,0.0,0.0
0.7,0.0,0.0,0.0,0.0
0.702,0.0,0.0,0.0,0.0
0.704,0.0,0.0,0.0,0.0
0.706,0.0,0.0,0.0,0.0
0.708,0.0,0.0,0.0,0.0
0.71,0.0,0.0,0.0,0.0
0.712,0.0,0.0,0.0,0.0
0.714,0.0,0.0,0.0,0.0
0.716,0.0,0.0,0.0,0.0
0.718,0.0,0.0,0.0,0.0
0.72,0.0,0.0,0.0,0.0
0.722,0.0,0.0,0.0,0.0
0.724,0.0,0.0,0.0,0.0
0.726,0.0,0.0,0.0,0.0
0.728,0.0,0.0,0.0,0.0
0.73,0.0,0.0,0.0,0.0
0.732,0.0,0.0,0.0,0.0
0.734,0.0,0.0,0.0,0.0
0.736,0.0,0.0,0.0,0.0
0.738,0.0,0.0,0.0,0.0
0.74,0.0,0.0,0.0,0.0
0.742,0.0,0.0,0.0,0.0
0.744,0.0,0.0,0.0,0.0
0.746,0.0,0.0,0.0,0.0
0.748,0.0,0.0,0.0,0.0
0.75,0.0,0.0,0.0,0.0
0.752,0.0,0.0,0.0,0.0
0.754,0.0,0.0,0.0,0.0
0.756,0.0,0.0,0.0,0.0
0.758,0.0,0.0,0.0,0.0
0.76,0.0,0.0,0.0,0.0
0.762,0.0,0.0,0.0,0.0
0.764,0.0,0.0,0.0,0.0
0.766,0.0,0.0,0.0,0.0
0.768,0.0,0.0,0.0,0.0
0.77,0.0,0.0,0.0,0.0
0.772,0.0,0.0,0.0,0.0
0.774,0.0,0.0,0.0,0.0
0.776,0.0,0.0,0.0,0.0
0.778,0.0,0.0,0.0,0.0
0.78,0.0,0.0,0.0,0.0
0.782,0.0,0.0,0.0,0.0
0.784,0.0,0.0,0.0,0.0
0.786,0.0,0.0,0.0,0.0
0.788,0.0,0.0,0.0,0.0
0.79,0.0,0.0,0.0,0.0
0.792,0.0,0.0,0.0,0.0
0.794,0.0,0.0,0.0,0.0
0.796,0.0,0.0,0.0,0.0
0.798,0.0,0.0,0.0,0.0
0.8,0.0,0.0,0.0,0.0
0.802,0.0,0.0,0.0,0.0
0.804,0.0,0.0,0.0,0.0
0.806,0.0,0.0,0.0,0.0
0.808,0.0,0.0,0.0,0.0
0.81,0.0,0.0,0.0,0.0
0.812,0.0,0.0,0.0,0.0
0.814,0.0,0.0,0.0,0.0
0.816,0.0,0.0,0.0,0.0
0.818,0.0,0.0,0.0,0.0
0.82,0.0,0.0,0.0,0.0
0.822,0.0,0.0,0.0,0.0
0.824,0.0,0.0,0.0,0.0
0.826,0.0,0.0,0.0,0.0
0.828,0.0,0.0,0.0,0.0
0.83,0.0,0.0,0.0,0.0
0.832,0.0,0.0,0.0,0.0
0.834,0.0,0.0,0.0,0.0
0.836,0.0,0.0,0.0,0.0
0.838,0.0,0.0,0.0,0.0
0.84,0.0,0.0,0.0,0.0
0.842,0.0,0.0,0.0,0.0
0.844,0.0,0.0,0.0,0.0
0.846,0.0,0.0,0.0,0.0
0.848,0.0,0.0,0.0,0.0
0.85,0.0,0.0,0.0,0.0
0.852,0.0,0.0,0.0,0.0
0.854,0.0,0.0,0.0,0.0
0.856,0.0,0.0,0.0,0.0
0.858,0.0,0.0,0.0,0.0
0.86,0.0,0.0,0.0,0.0
0.862,0.0,0.0,0.0,0.0
0.864,0.0,0.0,0.0,0.0
0.866,0.0,0.0,0.0,0.0
0.868,0.0,0.0,0.0,0.0
0.87,0.0,0.0,0.0,0.0
0.872,0.0,0.0,0.0,0.0
0.874,0.0,0.0,0.0,0.0
0.876,0.0,0.0,0.0,0.0
0.878,0.0,0.0,0.0,0.0
0.88,0.0,0.0,0.0,0.0
0.882,0.0,0.0,0.0,0.0
0.884,0.0,0.0,0.0,0.0
0.886,0.0,0.0,0.0,0.0
0.888,0.0,0.0,0.0,0.0
0.89,0.0,0.0,0.0,0.0
0.892,0.0,0.0,0.0,0.0
0.894,0.0,0.0,0.0,0.0
0.896,0.0,0.0,0.0,0.0
0.898,0.0,0.0,0.0,0.0
0.9,0.0,0.0,0.0,0.0
0.902,0.0,0.0,0.0,0.0
0.904,0.0,0.0,0.0,0.0
0.906,0.0,0.0,0.0,0.0
0.908,0.0,0.0,0.0,0.0
0.91,0.0,0.0,0.0,0.0
0.912,0.0,0.0,0.0,0.0
0.914,0.0,0.0,0.0,0.0
0.916,0.0,0.0,0.0,0.0
0.918,0.0,0.0,0.0,0.0
0.92,0.0,0.0,0.0,0.0
0.922,0.0,0.0,0.0,0.0
0.924,0.0,0.0,0.0,0.0
0.926,0.0,0.0,0.0,0.0
0.928,0.0,0.0,0.0,0.0
0.93,0.0,0.0,0.0,0.0
0.932,0.0,0.0,0.0,0.0
0.934,0.0,0.0,0.0,0.0
0.936,0.0,0.0,0.0,0.0
0.938,0.0,0.0,0.0,0.0
0.94,0.0,0.0,0.0,0.0
0.942,0.0,0.0,0.0,0.0
0.944,0.0,0.0,0.0,0.0
0.946,0.0,0.0,0.0,0.0
0.948,0.0,0.0,0.0,0.0
0.95,0.0,0.0,0.0,0.0
0.952,0.0,0.0,0.0,0.0
0.954,0.0,0.0,0.0,0.0
0.956,0.0,0.0,0.0,0.0
0.958,0.0,0.0,0.0,0.0
0.96,0.0,0.0,0.0,0.0
0.962,0.0,0.0,0.0,0.0
0.964,0.0,0.0,0.0,0.0
0.966,0.0,0.0,0.0,0.0
0.968,0.0,0.0,0.0,0.0
0.97,0.0,0.0,0.0,0.0
0.972,0.0,0.0,0.0,0.0
0.974,0.0,0.0,0.0,0.0
0.976,0.0,0.0,0.0,0.0
0.978,0.0,0.0,0.0,0.0
0.98,0.0,0.0,0.0,0.0
0.982,0.0,0.0,0.0,0.0
0.984,0.0,0.0,0.0,0.0
0.986,0.0,0.0,0.0,0.0
0.988,0.0,0.0,0.0,0.0
0.99,0.0,0.0,0.0,0.0
0.992,0.0,0.0,0.0,0.0
0.994,0.0,0.0,0.0,0.0
0.996,0.0,0.0,0.0,0.0
0.998,0.0,0.0,0.0,0.0
1.0,0.0,0.0,0.0,0.0
1.002,0.0,0.0,0.0,0.0
1.004,0.0,0.0,0.0,0.0
1.006,0.0,0.0,0.0,0.0
1.008,0.0,0.0,0.0,0.0
1.01,0.0,0.0,0.0,0.0
1.012,0.0,0.0,0.0,0.0
1.014,0.0,0.0,0.0,0.0
1.016,0.0,0.0,0.0,0.0
1.018,0.0,0.0,0.0,0.0
1.02,0.0,0.0,0.0,0.0
1.022,0.0,0.0,0.0,0.0
1.024,0.0,0.0,0.0,0.0
1.026,0.0,0.0,0.0,0.0
1.028,0.0,0.0,0.0,0.0
1.03,0.0,0.0,0.0,0.0
1.032,0.0,0.0,0.0,0.0
1.034,0.0,0.0,0.0,0.0
1.036,0.0,0.0,0.0,0.0
1.038,0.0,0.0,0.0,0.0
1.04,0.0,0.0,0.0,0.0
1.042,0.0,0.0,0.0,0.0
1.044,0.0,0.0,0.0,0.0
1.046,0.0,0.0,0.0,0.0
1.048,0.0,0.0,0.0,0.0
1.05,0.0,0.0,0.0,0.0
1.052,0.0,0.0,0.0,0.0
1.054,0.0,0.0,0.0,0.0
1.056,0.0,0.0,0.0,0.0
1.058,0.0,0.0,0.0,0.0
1.06,0.0,0.0,0.0,0.0
1.062,0.0,0.0,0.0,0.0
1.064,0.0,0.0,0.0,0.0
1.066,0.0,0.0,0.0,0.0
1.068,0.0,0.0,0.0,0.0
1.07,0.0,0.0,0.0,0.0
1.072,0.0,0.0,0.0,0.0
1.074,0.0,0.0,0.0,0.0
1.076,0.0,0.0,0.0,0.0
1.078,0.0,0.0,0.0,0.0
1.08,0.0,0.0,0.0,0.0
1.082,0.0,0.0,0.0,0.0
1.084,0.0,0.0,0.0,0.0
1.086,0.0,0.0,0.0,0.0
1.088,0.0,0.0,0.0,0.0
1.09,0.0,0.0,0.0,0.0
1.092,0.0,0.0,0.0,0.0
1.094,0.0,0.0,0.0,0.0
1.096,0.0,0.0,0.0,0.0
1.098,0.0,0.0,0.0,0.0
1.1,0.0,0.0,0.0,0.0
1.102,0.0,0.0,0.0,0.0
1.104,0.0,0.0,0.0,0.0
1.106,0.0,0.0,0.0,0.0
1.108,0.0,0.0,0.0,0.0
1.11,0.0,0.0,0.0,0.0
1.112,0.0,0.0,0.0,0.0
1.114,0.0,0.0,0.0,0.0
1.116,0.0,0.0,0.0,0.0
1.118,0.0,0.0,0.0,0.0
1.12,0.0,0.0,0.0,0.0
1.122,0.0,0.0,0.0,0.0
1.124,0.0,0.0,0.0,0.0
1.126,0.0,0.0,0.0,0.0
1.128,0.0,0.0,0.0,0.0
1.13,0.0,0.0,0.0,0.0
1.132,0.0,0.0,0.0,0.0
1.134,0.0,0.0,0.0,0.0
1.136,0.0,0.0,0.0,0.0
1.138,0.0,0.0,0.0,0.0
1.14,0.0,0.0,0.0,0.0
1.142,0.0,0.0,0.0,0.0
1.144,0.0,0.0,0.0,0.0
1.146,0.0,0.0,0.0,0.0
1.148,0.0,0.0,0.0,0.0
1.15,0.0,0.0,0.0,0.0
1.152,0.0,0.0,0.0,0.0
1.154,0.0,0.0,0.0,0.0
1.156,0.0,0.0,0.0,0.0
1.158,0.0,0.0,0.0,0.0
1.16,0.0,0.0,0.0,0.0
1.162,0.0,0.0,0.0,0.0
1.164,0.0,0.0,0.0,0.0
1.166,0.0,0.0,0.0,0.0
1.168,0.0,0.0,0.0,0.0
1.17,0.0,0.0,0.0,0.0
1.172,0.0,0.0,0.0,0.0
1.174,0.0,0.0,0.0,0.0
1.176,0.0,0.0,0.0,0.0
1.178,0.0,0.0,0.0,0.0
1.18,0.0,0.0,0.0,0.0
1.182,0.0,0.0,0.0,0.0
1.184,0.0,0.0,0.0,0.0
1.186,0.0,0.0,0.0,0.0
1.188,0.0,0.0,0.0,0.0
1.19,0.0,0.0,0.0,0.0
1.192,0.0,0.0,0.0,0.0
1.194,0.0,0.0,0.0,0.0
1.196,0.0,0.0,0.0,0.0
1.198,0.0,0.0,0.0,0.0
1.2,0.0,0.0,0.0,0.0
1.202,0.0,0.0,0.0,0.0
1.204,0.0,0.0,0.0,0.0
1.206,0.0,0.0,0.0,0.0
1.208,0.0,0.0,0.0,0.0
1.21,0.0,0.0,0.0,0.0
1.212,0.0,0.0,0.0,0.0
1.214,0.0,0.0,0.0,0.0
1.216,0.0,0.0,0.0,0.0
1.218,0.0,0.0,0.0,0.0
1.22,0.0,0.0,0.0,0.0
1.222,0.0,0.0,0.0,0.0
1.224,0.0,0.0,0.0,0.0
1.226,0.0,0.0,0.0,0.0
1.228,0.0,0.0,0.0,0.0
1.23,0.0,0.0,0.0,0.0
1.232,0.0,0.0,0.0,0.0
1.234,0.0,0.0,0.0,0.0
1.236,0.0,0.0,0.0,0.0
1.238,0.0,0.0,0.0,0.0
1.24,0.0,0.0,0.0,0.0
1.242,0.0,0.0,0.0,0.0
1.244,0.0,0.0,0.0,0.0
1.246,0.0,0.0,0.0,0.0
1.248,0.0,0.0,0.0,0.0
1.25,0.0,0.0,0.0,0.0
1.252,0.0,0.0,0.0,0.0
1.254,0.0,0.0,0.0,0.0
1.256,0.0,0.0,0.0,0.0
1.258,0.0,0.0,0.0,0.0
1.26,0.0,0.0,0.0,0.0
1.262,0.0,0.0,0.0,0.0
1.264,0.0,0.0,0.0,0.0
1.266,0.0,0.0,0.0,0.0
1.268,0.0,0.0,0.0,0.0
1.27,0.0,0.0,0.0,0.0
1.272,0.0,0.0,0.0,0.0
1.274,0.0,0.0,0.0,0.0
1.276,0.0,0.0,0.0,0.0
1.278,0.0,0.0,0.0,0.0
1.28,0.0,0.0,0.0,0.0
1.282,0.0,0.0,0.0,0.0
1.284,0.0,0.0,0.0,0.0
1.286,0.0,0.0,0.0,0.0
1.288,0.0,0.0,0.0,0.0
1.29,0.0,0.0,0.0,0.0
1.292,0.0,0.0,0.0,0.0
1.294,0.0,0.0,0.0,0.0
1.296,0.0,0.0,0.0,0.0
1.298,0.0,0.0,0.0,0.0
1.3,0.0,0.0,0.0,0.0
1.302,0.0,0.0,0.0,0.0
1.304,0.0,0.0,0.0,0.0
1.306,0.0,0.0,0.0,0.0
1.308,0.0,0.0,0.0,0.0
1.31,0.0,0.0,0.0,0.0
1.312,0.0,0.0,0.0,0.0
1.314,0.0,0.0,0.0,0.0
1.316,0.0,0.0,0.0,0.0
1.318,0.0,0.0,0.0,0.0
1.32,0.0,0.0,0.0,0.0
1.322,0.0,0.0,0.0,0.0
1.324,0.0,0.0,0.0,0.0
1.326,0.0,0.0,0.0,0.0
1.328,0.0,0.0,0.0,0.0
1.33,0.0,0.0,0.0,0.0
1.332,0.0,0.0,0.0,0.0
1.334,0.0,0.0,0.0,0.0
1.336,0.0,0.0,0.0,0.0
1.338,0.0,0.0,0.0,0.0
1.34,0.0,0.0,0.0,0.0
1.342,0.0,0.0,0.0,0.0
1.344,0.0,0.0,0.0,0.0
1.346,0.0,0.0,0.0,0.0
1.348,0.0,0.0,0.0,0.0
1.35,0.0,0.0,0.0,0.0
1.352,0.0,0.0,0.0,0.0
1.354,0.0,0.0,0.0,0.0
1.356,0.0,0.0,0.0,0.0
1.358,0.0,0.0,0.0,0.0
1.36,0.0,0.0,0.0,0.0
1.362,0.0,0.0,0.0,0.0
1.364,0.0,0.0,0.0,0.0
1.366,0.0,0.0,0.0,0.0
1.368,0.0,0.0,0.0,0.0
1.37,0.0,0.0,0.0,0.0
1.372,0.0,0.0,0.0,0.0
1.374,0.0,0.0,0.0,0.0
1.376,0.0,0.0,0.0,0.0
1.378,0.0,0.0,0.0,0.0
1.38,0.0,0.0,0.0,0.0
1.382,0.0,0.0,0.0,0.0
1.384,0.0,0.0,0.0,0.0
1.386,0.0,0.0,0.0,0.0
1.388,0.0,0.0,0.0,0.0
1.39,0.0,0.0,0.0,0.0
1.392,0.0,0.0,0.0,0.0
1.394,0.0,0.0,0.0,0.0
1.396,0.0,0.0,0.0,0.0
1.398,0.0,0.0,0.0,0.0
1.4,0.0,0.0,0.0,0.0
1.402,0.0,0.0,0.0,0.0
1.404,0.0,0.0,0.0,0.0
1.406,0.0,0.0,0.0,0.0
1.408,0.0,0.0,0.0,0.0
1.41,0.0,0.0,0.0,0.0
1.412,0.0,0.0,0.0,0.0
1.414,0.0,0.0,0.0,0.0
1.416,0.0,0.0,0.0,0.0
1.418,0.0,0.0,0.0,0.0
1.42,0.0,0.0,0.0,0.0
1.422,0.0,0.0,0.0,0.0
1.424,0.0,0.0,0.0,0.0
1.426,0.0,0.0,0.0,0.0
1.428,0.0,0.0,0.0,0.0
1.43,0.0,0.0,0.0,0.0
1.432,0.0,0.0,0.0,0.0
1.434,0.0,0.0,0.0,0.0
1.436,0.0,0.0,0.0,0.0
1.438,0.0,0.0,0.0,0.0
1.44,0.0,0.0,0.0,0.0
1.442,0.0,0.0,0.0,0.0
1.444,0.0,0.0,0.0,0.0
1.446,0.0,0.0,0.0,0.0
1.448,0.0,0.0,0.0,0.0
1.45,0.0,0.0,0.0,0.0
1.452,0.0,0.0,0.0,0.0
1.454,0.0,0.0,0.0,0.0
1.456,0.0,0.0,0.0,0.0
1.458,0.0,0.0,0.0,0.0
1.46,0.0,0.0,0.0,0.0
1.462,0.0,0.0,0.0,0.0
1.464,0.0,0.0,0.0,0.0
1.466,0.0,0.0,0.0,0.0
1.468,0.0,0.0,0.0,0.0
1.47,0.0,0.0,0.0,0.0
1.472,0.0,0.0,0.0,0.0
1.474,0.0,0.0,0.0,0.0
1.476,0.0,0.0,0.0,0.0
1.478,0.0,0.0,0.0,0.0
1.48,0.0,0.0,0.0,0.0
1.482,0.0,0.0,0.0,0.0
1.484,0.0,0.0,0.0,0.0
1.486,0.0,0.0,0.0,0.0
1.488,0.0,0.0,0.0,0.0
1.49,0.0,0.0,0.0,0.0
1.492,0.0,0.0,0.0,0.0
1.494,0.0,0.0,0.0,0.0
1.496,0.0,0.0,0.0,0.0
1.498,0.0,0.0,0.0,0.0
1.5,0.0,0.0,0.0,0.0
1.502,0.0,0.0,0.0,0.0
1.504,0.0,0.0,0.0,0.0
1.506,0.0,0.0,0.0,0.0
1.508,0.0,0.0,0.0,0.0
1.51,0.0,0.0,0.0,0.0
1.512,0.0,0.0,0.0,0.0
1.514,0.0,0.0,0.0,0.0
1.516,0.0,0.0,0.0,0.0
1.518,0.0,0.0,0.0,0.0
1.52,0.0,0.0,0.0,0.0
1.522,0.0,0.0,0.0,0.0
1.524,0.0,0.0,0.0,0.0
1.526,0.0,0.0,0.0,0.0
1.528,0.0,0.0,0.0,0.0
1.53,0.0,0.0,0.0,0.0
1.532,0.0,0.0,0.0,0.0
1.534,0.0,0.0,0.0,0.0
1.536,0.0,0.0,0.0,0.0
1.538,0.0,0.0,0.0,0.0
1.54,0.0,0.0,0.0,0.0
1.542,0.0,0.0,0.0,0.0
1.544,0.0,0.0,0.0,0.0
1.546,0.0,0.0,0.0,0.0
1.548,0.0,0.0,0.0,0.0
1.55,0.0,0.0,0.0,0.0
1.552,0.0,0.0,0.0,0.0
1.554,0.0,0.0,0.0,0.0
1.556,0.0,0.0,0.0,0.0
1.558,0.0,0.0,0.0,0.0
1.56,0.0,0.0,0.0,0.0
1.562,0.0,0.0,0.0,0.0
1.564,0.0,0.0,0.0,0.0
1.566,0.0,0.0,0.0,0.0
1.568,0.0,0.0,0.0,0.0
1.57,0.0,0.0,0.0,0.0
1.572,0.0,0.0,0.0,0.0
1.574,0.0,0.0,0.0,0.0
1.576,0.0,0.0,0.0,0.0
1.578,0.0,0.0,0.0,0.0
1.58,0.0,0.0,0.0,0.0
1.582,0.0,0.0,0.0,0.0
1.584,0.0,0.0,0.0,0.0
1.586,0.0,0.0,0.0,0.0
1.588,0.0,0.0,0.0,0.0
1.59,0.0,0.0,0.0,0.0
1.592,0.0,0.0,0.0,0.0
1.594,0.0,0.0,0.0,0.0
1.596,0.0,0.0,0.0,0.0
1.598,0.0,0.0,0.0,0.0
1.6,0.0,0.0,0.0,0.0
1.602,0.0,0.0,0.0,0.0
1.604,0.0,0.0,0.0,0.0
1.606,0.0,0.0,0.0,0.0
1.608,0.0,0.0,0.0,0.0
1.61,0.0,0.0,0.0,0.0
1.612,0.0,0.0,0.0,0.0
1.614,0.0,0.0,0.0,0.0
1.616,0.0,0.0,0.0,0.0
1.618,0.0,0.0,0.0,0.0
1.62,0.0,0.0,0.0,0.0
1.622,0.0,0.0,0.0,0.0
1.624,0.0,0.0,0.0,0.0
1.626,0.0,0.0,0.0,0.0
1.628,0.0,0.0,0.0,0.0
1.63,0.0,0.0,0.0,0.0
1.632,0.0,0.0,0.0,0.0
1.634,0.0,0.0,0.0,0.0
1.636,0.0,0.0,0.0,0.0
1.638,0.0,0.0,0.0,0.0
1.64,0.0,0.0,0.0,0.0
1.642,0.0,0.0,0.0,0.0
1.644,0.0,0.0,0.0,0.0
1.646,0.0,0.0,0.0,0.0
1.648,0.0,0.0,0.0,0.0
1.65,0.0,0.0,0.0,0.0
1.652,0.0,0.0,0.0,0.0
1.654,0.0,0.0,0.0,0.0
1.656,0.0,0.0,0.0,0.0
1.658,0.0,0.0,0.0,0.0
1.66,0.0,0.0,0.0,0.0
1.662,0.0,0.0,0.0,0.0
1.664,0.0,0.0,0.0,0.0
1.666,0.0,0.0,0.0,0.0
1.668,0.0,0.0,0.0,0.0
1.67,0.0,0.0,0.0,0.0
1.672,0.0,0.0,0.0,0.0
1.674,0.0,0.0,0.0,0.0
1.676,0.0,0.0,0.0,0.0
1.678,0.0,0.0,0.0,0.0
1.68,0.0,0.0,0.0,0.0
1.682,0.0,0.0,0.0,0.0
1.684,0.0,0.0,0.0,0.0
1.686,0.0,0.0,0.0,0.0
1.688,0.0,0.0,0.0,0.0
1.69,0.0,0.0,0.0,0.0
1.692,0.0,0.0,0.0,0.0
1.694,0.0,0.0,0.0,0.0
1.696,0.0,0.0,0.0,0.0
1.698,0.0,0.0,0.0,0.0
1.7,0.0,0.0,0.0,0.0
1.702,0.0,0.0,0.0,0.0
1.704,0.0,0.0,0.0,0.0
1.706,0.0,0.0,0.0,0.0
1.708,0.0,0.0,0.0,0.0
1.71,0.0,0.0,0.0,0.0
1.712,0.0,0.0,0.0,0.0
1.714,0.0,0.0,0.0,0.0
1.716,0.0,0.0,0.0,0.0
1.718,0.0,0.0,0.0,0.0
1.72,0.0,0.0,0.0,0.0
1.722,0.0,0.0,0.0,0.0
1.724,0.0,0.0,0.0,0.0
1.726,0.0,0.0,0.0,0.0
1.728,0.0,0.0,0.0,0.0
1.73,0.0,0.0,0.0,0.0
1.732,0.0,0.0,0.0,0.0
1.734,0.0,0.0,0.0,0.0
1.736,0.0,0.0,0.0,0.0
1.738,0.0,0.0,0.0,0.0
1.74,0.0,0.0,0.0,0.0
1.742,0.0,0.0,0.0,0.0
1.744,0.0,0.0,0.0,0.0
1.746,0.0,0.0,0.0,0.0
1.748,0.0,0.0,0.0,0.0
1.75,0.0,0.0,0.0,0.0
1.752,0.0,0.0,0.0,0.0
1.754,0.0,0.0,0.0,0.0
1.756,0.0,0.0,0.0,0.0
1.758,0.0,0.0,0.0,0.0
1.76,0.0,0.0,0.0,0.0
1.762,0.0,0.0,0.0,0.0
1.764,0.0,0.0,0.0,0.0
1.766,0.0,0.0,0.0,0.0
1.768,0.0,0.0,0.0,0.0
1.77,0.0,0.0,0.0,0.0
1.772,0.0,0.0,0.0,0.0
1.774,0.0,0.0,0.0,0.0
1.776,0.0,0.0,0.0,0.0
1.778,0.0,0.0,0.0,0.0
1.78,0.0,0.0,0.0,0.0
1.782,0.0,0.0,0.0,0.0
1.784,0.0,0.0,0.0,0.0
1.786,0.0,0.0,0.0,0.0
1.788,0.0,0.0,0.0,0.0
1.79,0.0,0.0,0.0,0.0
1.792,0.0,0.0,0.0,0.0
1.794,0.0,0.0,0.0,0.0
1.796,0.0,0.0,0.0,0.0
1.798,0.0,0.0,0.0,0.0
1.8,0.0,0.0,0.0,0.0
1.802,0.0,0.0,0.0,0.0
1.804,0.0,0.0,0.0,0.0
1.806,0.0,0.0,0.0,0.0
1.808,0.0,0.0,0.0,0.0
1.81,0.0,0.0,0.0,0.0
1.812,0.0,0.0,0.0,0.0
1.814,0.0,0.0,0.0,0.0
1.816,0.0,0.0,0.0,0.0
1.818,0.0,0.0,0.0,0.0
1.82,0.0,0.0,0.0,0.0
1.822,0.0,0.0,0.0,0.0
1.824,0.0,0.0,0.0,0.0
1.826,0.0,0.0,0.0,0.0
1.828,0.0,0.0,0.0,0.0
1.83,0.0,0.0,0.0,0.0
1.832,0.0,0.0,0.0,0.0
1.834,0.0,0.0,0.0,0.0
1.836,0.0,0.0,0.0,0.0
1.838,0.0,0.0,0.0,0.0
1.84,0.0,0.0,0.0,0.0
1.842,0.0,0.0,0.0,0.0
1.844,0.0,0.0,0.0,0.0
1.846,0.0,0.0,0.0,0.0
1.848,0.0,0.0,0.0,0.0
1.85,0.0,0.0,0.0,0.0
1.852,0.0,0.0,0.0,0.0
1.854,0.0,0.0,0.0,0.0
1.856,0.0,0.0,0.0,0.0
1.858,0.0,0.0,0.0,0.0
1.86,0.0,0.0,0.0,0.0
1.862,0.0,0.0,0.0,0.0
1.864,0.0,0.0,0.0,0.0
1.866,0.0,0.0,0.0,0.0
1.868,0.0,0.0,0.0,0.0
1.87,0.0,0.0,0.0,0.0
1.872,0.0,0.0,0.0,0.0
1.874,0.0,0.0,0.0,0.0
1.876,0.0,0.0,0.0,0.0
1.878,0.0,0.0,0.0,0.0
1.88,0.0,0.0,0.0,0.0
1.882,0.0,0.0,0.0,0.0
1.884,0.0,0.0,0.0,0.0
1.886,0.0,0.0,0.0,0.0
1.888,0.0,0.0,0.0,0.0
1.89,0.0,0.0,0.0,0.0
1.892,0.0,0.0,0.0,0.0
1.894,0.0,0.0,0.0,0.0
1.896,0.0,0.0,0.0,0.0
1.898,0.0,0.0,0.0,0.0
1.9,0.0,0.0,0.0,0.0
1.902,0.0,0.0,0.0,0.0
1.904,0.0,0.0,0.0,0.0
1.906,0.0,0.0,0.0,0.0
1.908,0.0,0.0,0.0,0.0
1.91,0.0,0.0,0.0,0.0
1.912,0.0,0.0,0.0,0.0
1.914,0.0,0.0,0.0,0.0
1.916,0.0,0.0,0.0,0.0
1.918,0.0,0.0,0.0,0.0
1.92,0.0,0.0,0.0,0.0
1.922,0.0,0.0,0.0,0.0
1.924,0.0,0.0,0.0,0.0
1.926,0.0,0.0,0.0,0.0
1.928,0.0,0.0,0.0,0.0
1.93,0.0,0.0,0.0,0.0
1.932,0.0,0.0,0.0,0.0
1.934,0.0,0.0,0.0,0.0
1.936,0.0,0.0,0.0,0.0
1.938,0.0,0.0,0.0,0.0
1.94,0.0,0.0,0.0,0.0
1.942,0.0,0.0,0.0,0.0
1.944,0.0,0.0,0.0,0.0
1.946,0.0,0.0,0.0,0.0
1.948,0.0,0.0,0.0,0.0
1.95,0.0,0.0,0.0,0.0
1.952,0.0,0.0,0.0,0.0
1.954,0.0,0.0,0.0,0.0
1.956,0.0,0.0,0.0,0.0
1.958,0.0,0.0,0.0,0.0
1.96,0.0,0.0,0.0,0.0
1.962,0.0,0.0,0.0,0.0
1.964,0.0,0.0,0.0,0.0
1.966,0.0,0.0,0.0,0.0
1.968,0.0,0.0,0.0,0.0
1.97,0.0,0.0,0.0,0.0
1.972,0.0,0.0,0.0,0.0
1.974,0.0,0.0,0.0,0.0
1.976,0.0,0.0,0.0,0.0
1.978,0.0,0.0,0.0,0.0
1.98,0.0,0.0,0.0,0.0
1.982,0.0,0.0,0.0,0.0
1.984,0.0,0.0,0.0,0.0
1.986,0.0,0.0,0.0,0.0
1.988,0.0,0.0,0.0,0.0
1.99,0.0,0.0,0.0,0.0
1.992,0.0,0.0,0.0,0.0
1.994,0.0,0.0,0.0,0.0
1.996,0.0,0.0,0.0,0.0
1.998,0.0,0.0,0.0,0.0
2.0,0.0,0.0,0.0,0.0
2.002,0.0,0.0,0.0,0.0
2.004,0.0,0.0,0.0,0.0
2.006,0.0,0.0,0.0,0.0
2.008,0.0,0.0,0.0,0.0
2.01,0.0,0.0,0.0,0.0
2.012,0.0,0.0,0.0,0.0
2.014,0.0,0.0,0.0,0.0
2.016,0.0,0.0,0.0,0.0
2.018,0.0,0.0,0.0,0.0
2.02,0.0,0.0,0.0,0.0
2.022,0.0,0.0,0.0,0.0
2.024,0.0,0.0,0.0,0.0
2.026,0.0,0.0,0.0,0.0
2.028,0.0,0.0,0.0,0.0
2.03,0.0,0.0,0.0,0.0
2.032,0.0,0.0,0.0,0.0
2.034,0.0,0.0,0.0,0.0
2.036,0.0,0.0,0.0,0.0
2.038,0.0,0.0,0.0,0.0
2.04,0.0,0.0,0.0,0.0
2.042,0.0,0.0,0.0,0.0
2.044,0.0,0.0,0.0,0.0
2.046,0.0,0.0,0.0,0.0
2.048,0.0,0.0,0.0,0.0
2.05,0.0,0.0,0.0,0.0
2.052,0.0,0.0,0.0,0.0
2.054,0.0,0.0,0.0,0.0
2.056,0.0,0.0,0.0,0.0
2.058,0.0,0.0,0.0,0.0
2.06,0.0,0.0,0.0,0.0
2.062,0.0,0.0,0.0,0.0
2.064,0.0,0.0,0.0,0.0
2.066,0.0,0.0,0.0,0.0
2.068,0.0,0.0,0.0,0.0
2.07,0.0,0.0,0.0,0.0
2.072,0.0,0.0,0.0,0.0
2.074,0.0,0.0,0.0,0.0
2.076,0.0,0.0,0.0,0.0
2.078,0.0,0.0,0.0,0.0
2.08,0.0,0.0,0.0,0.0
2.082,0.0,0.0,0.0,0.0
2.084,0.0,0.0,0.0,0.0
2.086,0.0,0.0,0.0,0.0
2.088,0.0,0.0,0.0,0.0
2.09,0.0,0.0,0.0,0.0
2.092,0.0,0.0,0.0,0.0
2.094,0.0,0.0,0.0,0.0
2.096,0.0,0.0,0.0,0.0
2.098,0.0,0.0,0.0,0.0
2.1,0.0,0.0,0.0,0.0
2.102,0.0,0.0,0.0,0.0
2.104,0.0,0.0,0.0,0.0
2.106,0.0,0.0,0.0,0.0
2.108,0.0,0.0,0.0,0.0
2.11,0.0,0.0,0.0,0.0
2.112,0.0,0.0,0.0,0.0
2.114,0.0,0.0,0.0,0.0
2.116,0.0,0.0,0.0,0.0
2.118,0.0,0.0,0.0,0.0
2.12,0.0,0.0,0.0,0.0
2.122,0.0,0.0,0.0,0.0
2.124,0.0,0.0,0.0,0.0
2.126,0.0,0.0,0.0,0.0
2.128,0.0,0.0,0.0,0.0
2.13,0.0,0.0,0.0,0.0
2.132,0.0,0.0,0.0,0.0
2.134,0.0,0.0,0.0,0.0
2.136,0.0,0.0,0.0,0.0
2.138,0.0,0.0,0.0,0.0
2.14,0.0,0.0,0.0,0.0
2.142,0.0,0.0,0.0,0.0
2.144,0.0,0.0,0.0,0.0
2.146,0.0,0.0,0.0,0.0
2.148,0.0,0.0,0.0,0.0
2.15,0.0,0.0,0.0,0.0
2.152,0.0,0.0,0.0,0.0
2.154,0.0,0.0,0.0,0.0
2.156,0.0,0.0,0.0,0.0
2.158,0.0,0.0,0.0,0.0
2.16,0.0,0.0,0.0,0.0
2.162,0.0,0.0,0.0,0.0
2.164,0.0,0.0,0.0,0.0
2.166,0.0,0.0,0.0,0.0
2.168,0.0,0.0,0.0,0.0
2.17,0.0,0.0,0.0,0.0
2.172,0.0,0.0,0.0,0.0
2.174,0.0,0.0,0.0,0.0
2.176,0.0,0.0,0.0,0.0
2.178,0.0,0.0,0.0,0.0
2.18,0.0,0.0,0.0,0.0
2.182,0.0,0.0,0.0,0.0
2.184,0.0,0.0,0.0,0.0
2.186,0.0,0.0,0.0,0.0
2.188,0.0,0.0,0.0,0.0
2.19,0.0,0.0,0.0,0.0
2.192,0.0,0.0,0.0,0.0
2.194,0.0,0.0,0.0,0.0
2.196,0.0,0.0,0.0,0.0
2.198,0.0,0.0,0.0,0.0
2.2,0.0,0.0,0.0,0.0
2.202,0.0,0.0,0.0,0.0
2.204,0.0,0.0,0.0,0.0
2.206,0.0,0.0,0.0,0.0
2.208,0.0,0.0,0.0,0.0
2.21,0.0,0.0,0.0,0.0
2.212,0.0,0.0,0.0,0.0
2.214,0.0,0.0,0.0,0.0
2.216,0.0,0.0,0.0,0.0
2.218,0.0,0.0,0.0,0.0
2.22,0.0,0.0,0.0,0.0
2.222,0.0,0.0,0.0,0.0
2.224,0.0,0.0,0.0,0.0
2.226,0.0,0.0,0.0,0.0
2.228,0.0,0.0,0.0,0.0
2.23,0.0,0.0,0.0,0.0
2.232,0.0,0.0,0.0,0.0
2.234,0.0,0.0,0.0,0.0
2.236,0.0,0.0,0.0,0.0
2.238,0.0,0.0,0.0,0.0
2.24,0.0,0.0,0.0,0.0
2.242,0.0,0.0,0.0,0.0
2.244,0.0,0.0,0.0,0.0
2.246,0.0,0.0,0.0,0.0
2.248,0.0,0.0,0.0,0.0
2.25,0.0,0.0,0.0,0.0
2.252,0.0,0.0,0.0,0.0
2.254,0.0,0.0,0.0,0.0
2.256,0.0,0.0,0.0,0.0
2.258,0.0,0.0,0.0,0.0
2.26,0.0,0.0,0.0,0.0
2.262,0.0,0.0,0.0,0.0
2.264,0.0,0.0,0.0,0.0
2.266,0.0,0.0,0.0,0.0
2.268,0.0,0.0,0.0,0.0
2.27,0.0,0.0,0.0,0.0
2.272,0.0,0.0,0.0,0.0
2.274,0.0,0.0,0.0,0.0
2.276,0.0,0.0,0.0,0.0
2.278,0.0,0.0,0.0,0.0
2.28,0.0,0.0,0.0,0.0
2.282,0.0,0.0,0.0,0.0
2.284,0.0,0.0,0.0,0.0
2.286,0.0,0.0,0.0,0.0
2.288,0.0,0.0,0.0,0.0
2.29,0.0,0.0,0.0,0.0
2.292,0.0,0.0,0.0,0.0
2.294,0.0,0.0,0.0,0.0
2.296,0.0,0.0,0.0,0.0
2.298,0.0,0.0,0.0,0.0
2.3,0.0,0.0,0.0,0.0
2.302,0.0,0.0,0.0,0.0
2.304,0.0,0.0,0.0,0.0
2.306,0.0,0.0,0.0,0.0
2.308,0.0,0.0,0.0,0.0
2.31,0.0,0.0,0.0,0.0
2.312,0.0,0.0,0.0,0.0
2.314,0.0,0.0,0.0,0.0
2.316,0.0,0.0,0.0,0.0
2.318,0.0,0.0,0.0,0.0
2.32,0.0,0.0,0.0,0.0
2.322,0.0,0.0,0.0,0.0
2.324,0.0,0.0,0.0,0.0
2.326,0.0,0.0,0.0,0.0
2.328,0.0,0.0,0.0,0.0
2.33,0.0,0.0,0.0,0.0
2.332,0.0,0.0,0.0,0.0
2.334,0.0,0.0,0.0,0.0
2.336,0.0,0.0,0.0,0.0
2.338,0.0,0.0,0.0,0.0
2.34,0.0,0.0,0.0,0.0
2.342,0.0,0.0,0.0,0.0
2.344,0.0,0.0,0.0,0.0
2.346,0.0,0.0,0.0,0.0
2.348,0.0,0.0,0.0,0.0
2.35,0.0,0.0,0.0,0.0
2.352,0.0,0.0,0.0,0.0
2.354,0.0,0.0,0.0,0.0
2.356,0.0,0.0,0.0,0.0
2.358,0.0,0.0,0.0,0.0
2.36,0.0,0.0,0.0,0.0
2.362,0.0,0.0,0.0,0.0
2.364,0.0,0.0,0.0,0.0
2.366,0.0,0.0,0.0,0.0
2.368,0.0,0.0,0.0,0.0
2.37,0.0,0.0,0.0,0.0
2.372,0.0,0.0,0.0,0.0
2.374,0.0,0.0,0.0,0.0
2.376,0.0,0.0,0.0,0.0
2.378,0.0,0.0,0.0,0.0
2.38,0.0,0.0,0.0,0.0
2.382,0.0,0.0,0.0,0.0
2.384,0.0,0.0,0.0,0.0
2.386,0.0,0.0,0.0,0.0
2.388,0.0,0.0,0.0,0.0
2.39,0.0,0.0,0.0,0.0
2.392,0.0,0.0,0.0,0.0
2.394,0.0,0.0,0.0,0.0
2.396,0.0,0.0,0.0,0.0
2.398,0.0,0.0,0.0,0.0
2.4,0.0,0.0,0.0,0.0
2.402,0.0,0.0,0.0,0.0
2.404,0.0,0.0,0.0,0.0
2.406,0.0,0.0,0.0,0.0
2.408,0.0,0.0,0.0,0.0
2.41,0.0,0.0,0.0,0.0
2.412,0.0,0.0,0.0,0.0
2.414,0.0,0.0,0.0,0.0
2.416,0.0,0.0,0.0,0.0
2.418,0.0,0.0,0.0,0.0
2.42,0.0,0.0,0.0,0.0
2.422,0.0,0.0,0.0,0.0
2.424,0.0,0.0,0.0,0.0
2.426,0.0,0.0,0.0,0.0
2.428,0.0,0.0,0.0,0.0
2.43,0.0,0.0,0.0,0.0
2.432,0.0,0.0,0.0,0.0
2.434,0.0,0.0,0.0,0.0
2.436,0.0,0.0,0.0,0.0
2.438,0.0,0.0,0.0,0.0
2.44,0.0,0.0,0.0,0.0
2.442,0.0,0.0,0.0,0.0
2.444,0.0,0.0,0.0,0.0
2.446,0.0,0.0,0.0,0.0
2.448,0.0,0.0,0.0,0.0
2.45,0.0,0.0,0.0,0.0
2.452,0.0,0.0,0.0,0.0
2.454,0.0,0.0,0.0,0.0
2.456,0.0,0.0,0.0,0.0
2.458,0.0,0.0,0.0,0.0
2.46,0.0,0.0,0.0,0.0
2.462,0.0,0.0,0.0,0.0
2.464,0.0,0.0,0.0,0.0
2.466,0.0,0.0,0.0,0.0
2.468,0.0,0.0,0.0,0.0
2.47,0.0,0.0,0.0,0.0
2.472,0.0,0.0,0.0,0.0
2.474,0.0,0.0,0.0,0.0
2.476,0.0,0.0,0.0,0.0
2.478,0.0,0.0,0.0,0.0
2.48,0.0,0.0,0.0,0.0
2.482,0.0,0.0,0.0,0.0
2.484,0.0,0.0,0.0,0.0
2.486,0.0,0.0,0.0,0.0
2.488,0.0,0.0,0.0,0.0
2.49,0.0,0.0,0.0,0.0
2.492,0.0,0.0,0.0,0.0
2.494,0.0,0.0,0.0,0.0
2.496,0.0,0.0,0.0,0.0
2.498,0.0,0.0,0.0,0.0
2.5,0.0,0.0,0.0,0.0
2.502,0.0,0.0,0.0,0.0
2.504,0.0,0.0,0.0,0.0
2.506,0.0,0.0,0.0,0.0
2.508,0.0,0.0,0.0,0.0
2.51,0.0,0.0,0.0,0.0
2.512,0.0,0.0,0.0,0.0
2.514,0.0,0.0,0.0,0.0
2.516,0.0,0.0,0.0,0.0
2.518,0.0,0.0,0.0,0.0
2.52,0.0,0.0,0.0,0.0
2.522,0.0,0.0,0.0,0.0
2.524,0.0,0.0,0.0,0.0
2.526,0.0,0.0,0.0,0.0
2.528,0.0,0.0,0.0,0.0
2.53,0.0,0.0,0.0,0.0
2.532,0.0,0.0,0.0,0.0
2.534,0.0,0.0,0.0,0.0
2.536,0.0,0.0,0.0,0.0
2.538,0.0,0.0,0.0,0.0
2.54,0.0,0.0,0.0,0.0
2.542,0.0,0.0,0.0,0.0
2.544,0.0,0.0,0.0,0.0
2.546,0.0,0.0,0.0,0.0
2.548,0.0,0.0,0.0,0.0
2.55,0.0,0.0,0.0,0.0
2.552,0.0,0.0,0.0,0.0
2.554,0.0,0.0,0.0,0.0
2.556,0.0,0.0,0.0,0.0
2.558,0.0,0.0,0.0,0.0
2.56,0.0,0.0,0.0,0.0
2.562,0.0,0.0,0.0,0.0
2.564,0.0,0.0,0.0,0.0
2.566,0.0,0.0,0.0,0.0
2.568,0.0,0.0,0.0,0.0
2.57,0.0,0.0,0.0,0.0
2.572,0.0,0.0,0.0,0.0
2.574,0.0,0.0,0.0,0.0
2.576,0.0,0.0,0.0,0.0
2.578,0.0,0.0,0.0,0.0
2.58,0.0,0.0,0.0,0.0
2.582,0.0,0.0,0.0,0.0
2.584,0.0,0.0,0.0,0.0
2.586,0.0,0.0,0.0,0.0
2.588,0.0,0.0,0.0,0.0
2.59,0.0,0.0,0.0,0.0
2.592,0.0,0.0,0.0,0.0
2.594,0.0,0.0,0.0,0.0
2.596,0.0,0.0,0.0,0.0
2.598,0.0,0.0,0.0,0.0
2.6,0.0,0.0,0.0,0.0
2.602,0.0,0.0,0.0,0.0
2.604,0.0,0.0,0.0,0.0
2.606,0.0,0.0,0.0,0.0
2.608,0.0,0.0,0.0,0.0
2.61,0.0,0.0,0.0,0.0
2.612,0.0,0.0,0.0,0.0
2.614,0.0,0.0,0.0,0.0
2.616,0.0,0.0,0.0,0.0
2.618,0.0,0.0,0.0,0.0
2.62,0.0,0.0,0.0,0.0
2.622,0.0,0.0,0.0,0.0
2.624,0.0,0.0,0.0,0.0
2.626,0.0,0.0,0.0,0.0
2.628,0.0,0.0,0.0,0.0
2.63,0.0,0.0,0.0,0.0
2.632,0.0,0.0,0.0,0.0
2.634,0.0,0.0,0.0,0.0
2.636,0.0,0.0,0.0,0.0
2.638,0.0,0.0,0.0,0.0
2.64,0.0,0.0,0.0,0.0
2.642,0.0,0.0,0.0,0.0
2.644,0.0,0.0,0.0,0.0
2.646,0.0,0.0,0.0,0.0
2.648,0.0,0.0,0.0,0.0
2.65,0.0,0.0,0.0,0.0
2.652,0.0,0.0,0.0,0.0
2.654,0.0,0.0,0.0,0.0
2.656,0.0,0.0,0.0,0.0
2.658,0.0,0.0,0.0,0.0
2.66,0.0,0.0,0.0,0.0
2.662,0.0,0.0,0.0,0.0
2.664,0.0,0.0,0.0,0.0
2.666,0.0,0.0,0.0,0.0
2.668,0.0,0.0,0.0,0.0
2.67,0.0,0.0,0.0,0.0
2.672,0.0,0.0,0.0,0.0
2.674,0.0,0.0,0.0,0.0
2.676,0.0,0.0,0.0,0.0
2.678,0.0,0.0,0.0,0.0
2.68,0.0,0.0,0.0,0.0
2.682,0.0,0.0,0.0,0.0
2.684,0.0,0.0,0.0,0.0
2.686,0.0,0.0,0.0,0.0
2.688,0.0,0.0,0.0,0.0
2.69,0.0,0.0,0.0,0.0
2.692,0.0,0.0,0.0,0.0
2.694,0.0,0.0,0.0,0.0
2.696,0.0,0.0,0.0,0.0
2.698,0.0,0.0,0.0,0.0
2.7,0.0,0.0,0.0,0.0
2.702,0.0,0.0,0.0,0.0
2.704,0.0,0.0,0.0,0.0
2.706,0.0,0.0,0.0,0.0
2.708,0.0,0.0,0.0,0.0
2.71,0.0,0.0,0.0,0.0
2.712,0.0,0.0,0.0,0.0
2.714,0.0,0.0,0.0,0.0
2.716,0.0,0.0,0.0,0.0
2.718,0.0,0.0,0.0,0.0
2.72,0.0,0.0,0.0,0.0
2.722,0.0,0.0,0.0,0.0
2.724,0.0,0.0,0.0,0.0
2.726,0.0,0.0,0.0,0.0
2.728,0.0,0.0,0.0,0.0
2.73,0.0,0.0,0.0,0.0
2.732,0.0,0.0,0.0,0.0
2.734,0.0,0.0,0.0,0.0
2.736,0.0,0.0,0.0,0.0
2.738,0.0,0.0,0.0,0.0
2.74,0.0,0.0,0.0,0.0
2.742,0.0,0.0,0.0,0.0
2.744,0.0,0.0,0.0,0.0
2.746,0.0,0.0,0.0,0.0
2.748,0.0,0.0,0.0,0.0
2.75,0.0,0.0,0.0,0.0
2.752,0.0,0.0,0.0,0.0
2.754,0.0,0.0,0.0,0.0
2.756,0.0,0.0,0.0,0.0
2.758,0.0,0.0,0.0,0.0
2.76,0.0,0.0,0.0,0.0
2.762,0.0,0.0,0.0,0.0
2.764,0.0,0.0,0.0,0.0
2.766,0.0,0.0,0.0,0.0
2.768,0.0,0.0,0.0,0.0
2.77,0.0,0.0,0.0,0.0
2.772,0.0,0.0,0.0,0.0
2.774,0.0,0.0,0.0,0.0
2.776,0.0,0.0,0.0,0.0
2.778,0.0,0.0,0.0,0.0
2.78,0.0,0.0,0.0,0.0
2.782,0.0,0.0,0.0,0.0
2.784,0.0,0.0,0.0,0.0
2.786,0.0,0.0,0.0,0.0
2.788,0.0,0.0,0.0,0.0
2.79,0.0,0.0,0.0,0.0
2.792,0.0,0.0,0.0,0.0
2.794,0.0,0.0,0.0,0.0
2.796,0.0,0.0,0.0,0.0
2.798,0.0,0.0,0.0,0.0
2.8,0.0,0.0,0.0,0.0
2.802,0.0,0.0,0.0,0.0
2.804,0.0,0.0,0.0,0.0
2.806,0.0,0.0,0.0,0.0
2.808,0.0,0.0,0.0,0.0
2.81,0.0,0.0,0.0,0.0
2.812,0.0,0.0,0.0,0.0
2.814,0.0,0.0,0.0,0.0
2.816,0.0,0.0,0.0,0.0
2.818,0.0,0.0,0.0,0.0
2.82,0.0,0.0,0.0,0.0
2.822,0.0,0.0,0.0,0.0
2.824,0.0,0.0,0.0,0.0
2.826,0.0,0.0,0.0,0.0
2.828,0.0,0.0,0.0,0.0
2.83,0.0,0.0,0.0,0.0
2.832,0.0,0.0,0.0,0.0
2.834,0.0,0.0,0.0,0.0
2.836,0.0,0.0,0.0,0.0
2.838,0.0,0.0,0.0,0.0
2.84,0.0,0.0,0.0,0.0
2.842,0.0,0.0,0.0,0.0
2.844,0.0,0.0,0.0,0.0
2.846,0.0,0.0,0.0,0.0
2.848,0.0,0.0,0.0,0.0
2.85,0.0,0.0,0.0,0.0
2.852,0.0,0.0,0.0,0.0
2.854,0.0,0.0,0.0,0.0
2.856,0.0,0.0,0.0,0.0
2.858,0.0,0.0,0.0,0.0
2.86,0.0,0.0,0.0,0.0
2.862,0.0,0.0,0.0,0.0
2.864,0.0,0.0,0.0,0.0
2.866,0.0,0.0,0.0,0.0
2.868,0.0,0.0,0.0,0.0
2.87,0.0,0.0,0.0,0.0
2.872,0.0,0.0,0.0,0.0
2.874,0.0,0.0,0.0,0.0
2.876,0.0,0.0,0.0,0.0
2.878,0.0,0.0,0.0,0.0
2.88,0.0,0.0,0.0,0.0
2.882,0.0,0.0,0.0,0.0
2.884,0.0,0.0,0.0,0.0
2.886,0.0,0.0,0.0,0.0
2.888,0.0,0.0,0.0,0.0
2.89,0.0,0.0,0.0,0.0
2.892,0.0,0.0,0.0,0.0
2.894,0.0,0.0,0.0,0.0
2.896,0.0,0.0,0.0,0.0
2.898,0.0,0.0,0.0,0.0
2.9,0.0,0.0,0.0,0.0
2.902,0.0,0.0,0.0,0.0
2.904,0.0,0.0,0.0,0.0
2.906,0.0,0.0,0.0,0.0
2.908,0.0,0.0,0.0,0.0
2.91,0.0,0.0,0.0,0.0
2.912,0.0,0.0,0.0,0.0
2.914,0.0,0.0,0.0,0.0
2.916,0.0,0.0,0.0,0.0
2.918,0.0,0.0,0.0,0.0
2.92,0.0,0.0,0.0,0.0
2.922,0.0,0.0,0.0,0.0
2.924,0.0,0.0,0.0,0.0
2.926,0.0,0.0,0.0,0.0
2.928,0.0,0.0,0.0,0.0
2.93,0.0,0.0,0.0,0.0
2.932,0.0,0.0,0.0,0.0
2.934,0.0,0.0,0.0,0.0
2.936,0.0,0.0,0.0,0.0
2.938,0.0,0.0,0.0,0.0
2.94,0.0,0.0,0.0,0.0
2.942,0.0,0.0,0.0,0.0
2.944,0.0,0.0,0.0,0.0
2.946,0.0,0.0,0.0,0.0
2.948,0.0,0.0,0.0,0.0
2.95,0.0,0.0,0.0,0.0
2.952,0.0,0.0,0.0,0.0
2.954,0.0,0.0,0.0,0.0
2.956,0.0,0.0,0.0,0.0
2.958,0.0,0.0,0.0,0.0
2.96,0.0,0.0,0.0,0.0
2.962,0.0,0.0,0.0,0.0
2.964,0.0,0.0,0.0,0.0
2.966,0.0,0.0,0.0,0.0
2.968,0.0,0.0,0.0,0.0
2.97,0.0,0.0,0.0,0.0
2.972,0.0,0.0,0.0,0.0
2.974,0.0,0.0,0.0,0.0
2.976,0.0,0.0,0.0,0.0
2.978,0.0,0.0,0.0,0.0
2.98,0.0,0.0,0.0,0.0
2.982,0.0,0.0,0.0,0.0
2.984,0.0,0.0,0.0,0.0
2.986,0.0,0.0,0.0,0.0
2.988,0.0,0.0,0.0,0.0
2.99,0.0,0.0,0.0,0.0
2.992,0.0,0.0,0.0,0.0
2.994,0.0,0.0,0.0,0.0
2.996,0.0,0.0,0.0,0.0
2.998,0.0,0.0,0.0,0.0
3.0,0.0,0.0,0.0,0.0
3.002,0.0,0.0,0.0,0.0
3.004,0.0,0.0,0.0,0.0
3.006,0.0,0.0,0.0,0.0
3.008,0.0,0.0,0.0,0.0
3.01,0.0,0.0,0.0,0.0
3.012,0.0,0.0,0.0,0.0
3.014,0.0,0.0,0.0,0.0
3.016,0.0,0.0,0.0,0.0
3.018,0.0,0.0,0.0,0.0
3.02,0.0,0.0,0.0,0.0
3.022,0.0,0.0,0.0,0.0
3.024,0.0,0.0,0.0,0.0
3.026,0.0,0.0,0.0,0.0
3.028,0.0,0.0,0.0,0.0
3.03,0.0,0.0,0.0,0.0
3.032,0.0,0.0,0.0,0.0
3.034,0.0,0.0,0.0,0.0
3.036,0.0,0.0,0.0,0.0
3.038,0.0,0.0,0.0,0.0
3.04,0.0,0.0,0.0,0.0
3.042,0.0,0.0,0.0,0.0
3.044,0.0,0.0,0.0,0.0
3.046,0.0,0.0,0.0,0.0
3.048,0.0,0.0,0.0,0.0
3.05,0.0,0.0,0.0,0.0
3.052,0.0,0.0,0.0,0.0
3.054,0.0,0.0,0.0,0.0
3.056,0.0,0.0,0.0,0.0
3.058,0.0,0.0,0.0,0.0
3.06,0.0,0.0,0.0,0.0
3.062,0.0,0.0,0.0,0.0
3.064,0.0,0.0,0.0,0.0
3.066,0.0,0.0,0.0,0.0
3.068,0.0,0.0,0.0,0.0
3.07,0.0,0.0,0.0,0.0
3.072,0.0,0.0,0.0,0.0
3.074,0.0,0.0,0.0,0.0
3.076,0.0,0.0,0.0,0.0
3.078,0.0,0.0,0.0,0.0
3.08,0.0,0.0,0.0,0.0
3.082,0.0,0.0,0.0,0.0
3.084,0.0,0.0,0.0,0.0
3.086,0.0,0.0,0.0,0.0
3.088,0.0,0.0,0.0,0.0
3.09,0.0,0.0,0.0,0.0
3.092,0.0,0.0,0.0,0.0
3.094,0.0,0.0,0.0,0.0
3.096,0.0,0.0,0.0,0.0
3.098,0.0,0.0,0.0,0.0
3.1,0.0,0.0,0.0,0.0
3.102,0.0,0.0,0.0,0.0
3.104,0.0,0.0,0.0,0.0
3.106,0.0,0.0,0.0,0.0
3.108,0.0,0.0,0.0,0.0
3.11,0.0,0.0,0.0,0.0
3.112,0.0,0.0,0.0,0.0
3.114,0.0,0.0,0.0,0.0
3.116,0.0,0.0,0.0,0.0
3.118,0.0,0.0,0.0,0.0
3.12,0.0,0.0,0.0,0.0
3.122,0.0,0.0,0.0,0.0
3.124,0.0,0.0,0.0,0.0
3.126,0.0,0.0,0.0,0.0
3.128,0.0,0.0,0.0,0.0
3.13,0.0,0.0,0.0,0.0
3.132,0.0,0.0,0.0,0.0
3.134,0.0,0.0,0.0,0.0
3.136,0.0,0.0,0.0,0.0
3.138,0.0,0.0,0.0,0.0
3.14,0.0,0.0,0.0,0.0
3.142,0.0,0.0,0.0,0.0
3.144,0.0,0.0,0.0,0.0
3.146,0.0,0.0,0.0,0.0
3.148,0.0,0.0,0.0,0.0
3.15,0.0,0.0,0.0,0.0
3.152,0.0,0.0,0.0,0.0
3.154,0.0,0.0,0.0,0.0
3.156,0.0,0.0,0.0,0.0
3.158,0.0,0.0,0.0,0.0
3.16,0.0,0.0,0.0,0.0
3.162,0.0,0.0,0.0,0.0
3.164,0.0,0.0,0.0,0.0
3.166,0.0,0.0,0.0,0.0
3.168,0.0,0.0,0.0,0.0
3.17,0.0,0.0,0.0,0.0
3.172,0.0,0.0,0.0,0.0
3.174,0.0,0.0,0.0,0.0
3.176,0.0,0.0,0.0,0.0
3.178,0.0,0.0,0.0,0.0
3.18,0.0,0.0,0.0,0.0
3.182,0.0,0.0,0.0,0.0
3.184,0.0,0.0,0.0,0.0
3.186,0.0,0.0,0.0,0.0
3.188,0.0,0.0,0.0,0.0
3.19,0.0,0.0,0.0,0.0
3.192,0.0,0.0,0.0,0.0
3.194,0.0,0.0,0.0,0.0
3.196,0.0,0.0,0.0,0.0
3.198,0.0,0.0,0.0,0.0
3.2,0.0,0.0,0.0,0.0
3.202,0.0,0.0,0.0,0.0
3.204,0.0,0.0,0.0,0.0
3.206,0.0,0.0,0.0,0.0
3.208,0.0,0.0,0.0,0.0
3.21,0.0,0.0,0.0,0.0
3.212,0.0,0.0,0.0,0.0
3.214,0.0,0.0,0.0,0.0
3.216,0.0,0.0,0.0,0.0
3.218,0.0,0.0,0.0,0.0
3.22,0.0,0.0,0.0,0.0
3.222,0.0,0.0,0.0,0.0
3.224,0.0,0.0,0.0,0.0
3.226,0.0,0.0,0.0,0.0
3.228,0.0,0.0,0.0,0.0
3.23,0.0,0.0,0.0,0.0
3.232,0.0,0.0,0.0,0.0
3.234,0.0,0.0,0.0,0.0
3.236,0.0,0.0,0.0,0.0
3.238,0.0,0.0,0.0,0.0
3.24,0.0,0.0,0.0,0.0
3.242,0.0,0.0,0.0,0.0
3.244,0.0,0.0,0.0,0.0
3.246,0.0,0.0,0.0,0.0
3.248,0.0,0.0,0.0,0.0
3.25,0.0,0.0,0.0,0.0
3.252,0.0,0.0,0.0,0.0
3.254,0.0,0.0,0.0,0.0
3.256,0.0,0.0,0.0,0.0
3.258,0.0,0.0,0.0,0.0
3.26,0.0,0.0,0.0,0.0
3.262,0.0,0.0,0.0,0.0
3.264,0.0,0.0,0.0,0.0
3.266,0.0,0.0,0.0,0.0
3.268,0.0,0.0,0.0,0.0
3.27,0.0,0.0,0.0,0.0
3.272,0.0,0.0,0.0,0.0
3.274,0.0,0.0,0.0,0.0
3.276,0.0,0.0,0.0,0.0
3.278,0.0,0.0,0.0,0.0
3.28,0.0,0.0,0.0,0.0
3.282,0.0,0.0,0.0,0.0
3.284,0.0,0.0,0.0,0.0
3.286,0.0,0.0,0.0,0.0
3.288,0.0,0.0,0.0,0.0
3.29,0.0,0.0,0.0,0.0
3.292,0.0,0.0,0.0,0.0
3.294,0.0,0.0,0.0,0.0
3.296,0.0,0.0,0.0,0.0
3.298,0.0,0.0,0.0,0.0
3.3,0.0,0.0,0.0,0.0
3.302,0.0,0.0,0.0,0.0
3.304,0.0,0.0,0.0,0.0
3.306,0.0,0.0,0.0,0.0
3.308,0.0,0.0,0.0,0.0
3.31,0.0,0.0,0.0,0.0
3.312,0.0,0.0,0.0,0.0
3.314,0.0,0.0,0.0,0.0
3.316,0.0,0.0,0.0,0.0
3.318,0.0,0.0,0.0,0.0
3.32,0.0,0.0,0.0,0.0
3.322,0.0,0.0,0.0,0.0
3.324,0.0,0.0,0.0,0.0
3.326,0.0,0.0,0.0,0.0
3.328,0.0,0.0,0.0,0.0
3.33,0.0,0.0,0.0,0.0
3.332,0.0,0.0,0.0,0.0
3.334,0.0,0.0,0.0,0.0
3.336,0.0,0.0,0.0,0.0
3.338,0.0,0.0,0.0,0.0
3.34,0.0,0.0,0.0,0.0
3.342,0.0,0.0,0.0,0.0
3.344,0.0,0.0,0.0,0.0
3.346,0.0,0.0,0.0,0.0
3.348,0.0,0.0,0.0,0.0
3.35,0.0,0.0,0.0,0.0
3.352,0.0,0.0,0.0,0.0
3.354,0.0,0.0,0.0,0.0
3.356,0.0,0.0,0.0,0.0
3.358,0.0,0.0,0.0,0.0
3.36,0.0,0.0,0.0,0.0
3.362,0.0,0.0,0.0,0.0
3.364,0.0,0.0,0.0,0.0
3.366,0.0,0.0,0.0,0.0
3.368,0.0,0.0,0.0,0.0
3.37,0.0,0.0,0.0,0.0
3.372,0.0,0.0,0.0,0.0
3.374,0.0,0.0,0.0,0.0
3.376,0.0,0.0,0.0,0.0
3.378,0.0,0.0,0.0,0.0
3.38,0.0,0.0,0.0,0.0
3.382,0.0,0.0,0.0,0.0
3.384,0.0,0.0,0.0,0.0
3.386,0.0,0.0,0.0,0.0
3.388,0.0,0.0,0.0,0.0
3.39,0.0,0.0,0.0,0.0
3.392,0.0,0.0,0.0,0.0
3.394,0.0,0.0,0.0,0.0
3.396,0.0,0.0,0.0,0.0
3.398,0.0,0.0,0.0,0.0
3.4,0.0,0.0,0.0,0.0
3.402,0.0,0.0,0.0,0.0
3.404,0.0,0.0,0.0,0.0
3.406,0.0,0.0,0.0,0.0
3.408,0.0,0.0,0.0,0.0
3.41,0.0,0.0,0.0,0.0
3.412,0.0,0.0,0.0,0.0
3.414,0.0,0.0,0.0,0.0
3.416,0.0,0.0,0.0,0.0
3.418,0.0,0.0,0.0,0.0
3.42,0.0,0.0,0.0,0.0
3.422,0.0,0.0,0.0,0.0
3.424,0.0,0.0,0.0,0.0
3.426,0.0,0.0,0.0,0.0
3.428,0.0,0.0,0.0,0.0
3.43,0.0,0.0,0.0,0.0
3.432,0.0,0.0,0.0,0.0
3.434,0.0,0.0,0.0,0.0
3.436,0.0,0.0,0.0,0.0
3.438,0.0,0.0,0.0,0.0
3.44,0.0,0.0,0.0,0.0
3.442,0.0,0.0,0.0,0.0
3.444,0.0,0.0,0.0,0.0
3.446,0.0,0.0,0.0,0.0
3.448,0.0,0.0,0.0,0.0
3.45,0.0,0.0,0.0,0.0
3.452,0.0,0.0,0.0,0.0
3.454,0.0,0.0,0.0,0.0
3.456,0.0,0.0,0.0,0.0
3.458,0.0,0.0,0.0,0.0
3.46,0.0,0.0,0.0,0.0
3.462,0.0,0.0,0.0,0.0
3.464,0.0,0.0,0.0,0.0
3.466,0.0,0.0,0.0,0.0
3.468,0.0,0.0,0.0,0.0
3.47,0.0,0.0,0.0,0.0
3.472,0.0,0.0,0.0,0.0
3.474,0.0,0.0,0.0,0.0
3.476,0.0,0.0,0.0,0.0
3.478,0.0,0.0,0.0,0.0
3.48,0.0,0.0,0.0,0.0
3.482,0.0,0.0,0.0,0.0
3.484,0.0,0.0,0.0,0.0
3.486,0.0,0.0,0.0,0.0
3.488,0.0,0.0,0.0,0.0
3.49,0.0,0.0,0.0,0.0
3.492,0.0,0.0,0.0,0.0
3.494,0.0,0.0,0.0,0.0
3.496,0.0,0.0,0.0,0.0
3.498,0.0,0.0,0.0,0.0
3.5,0.0,0.0,0.0,0.0
3.502,0.0,0.0,0.0,0.0
3.504,0.0,0.0,0.0,0.0
3.506,0.0,0.0,0.0,0.0
3.508,0.0,0.0,0.0,0.0
3.51,0.0,0.0,0.0,0.0
3.512,0.0,0.0,0.0,0.0
3.514,0.0,0.0,0.0,0.0
3.516,0.0,0.0,0.0,0.0
3.518,0.0,0.0,0.0,0.0
3.52,0.0,0.0,0.0,0.0
3.522,0.0,0.0,0.0,0.0
3.524,0.0,0.0,0.0,0.0
3.526,0.0,0.0,0.0,0.0
3.528,0.0,0.0,0.0,0.0
3.53,0.0,0.0,0.0,0.0
3.532,0.0,0.0,0.0,0.0
3.534,0.0,0.0,0.0,0.0
3.536,0.0,0.0,0.0,0.0
3.538,0.0,0.0,0.0,0.0
3.54,0.0,0.0,0.0,0.0
3.542,0.0,0.0,0.0,0.0
3.544,0.0,0.0,0.0,0.0
3.546,0.0,0.0,0.0,0.0
3.548,0.0,0.0,0.0,0.0
3.55,0.0,0.0,0.0,0.0
3.552,0.0,0.0,0.0,0.0
3.554,0.0,0.0,0.0,0.0
3.556,0.0,0.0,0.0,0.0
3.558,0.0,0.0,0.0,0.0
3.56,0.0,0.0,0.0,0.0
3.562,0.0,0.0,0.0,0.0
3.564,0.0,0.0,0.0,0.0
3.566,0.0,0.0,0.0,0.0
3.568,0.0,0.0,0.0,0.0
3.57,0.0,0.0,0.0,0.0
3.572,0.0,0.0,0.0,0.0
3.574,0.0,0.0,0.0,0.0
3.576,0.0,0.0,0.0,0.0
3.578,0.0,0.0,0.0,0.0
3.58,0.0,0.0,0.0,0.0
3.582,0.0,0.0,0.0,0.0
3.584,0.0,0.0,0.0,0.0
3.586,0.0,0.0,0.0,0.0
3.588,0.0,0.0,0.0,0.0
3.59,0.0,0.0,0.0,0.0
3.592,0.0,0.0,0.0,0.0
3.594,0.0,0.0,0.0,0.0
3.596,0.0,0.0,0.0,0.0
3.598,0.0,0.0,0.0,0.0
3.6,0.0,0.0,0.0,0.0
3.602,0.0,0.0,0.0,0.0
3.604,0.0,0.0,0.0,0.0
3.606,0.0,0.0,0.0,0.0
3.608,0.0,0.0,0.0,0.0
3.61,0.0,0.0,0.0,0.0
3.612,0.0,0.0,0.0,0.0
3.614,0.0,0.0,0.0,0.0
3.616,0.0,0.0,0.0,0.0
3.618,0.0,0.0,0.0,0.0
3.62,0.0,0.0,0.0,0.0
3.622,0.0,0.0,0.0,0.0
3.624,0.0,0.0,0.0,0.0
3.626,0.0,0.0,0.0,0.0
3.628,0.0,0.0,0.0,0.0
3.63,0.0,0.0,0.0,0.0
3.632,0.0,0.0,0.0,0.0
3.634,0.0,0.0,0.0,0.0
3.636,0.0,0.0,0.0,0.0
3.638,0.0,0.0,0.0,0.0
3.64,0.0,0.0,0.0,0.0
3.642,0.0,0.0,0.0,0.0
3.644,0.0,0.0,0.0,0.0
3.646,0.0,0.0,0.0,0.0
3.648,0.0,0.0,0.0,0.0
3.65,0.0,0.0,0.0,0.0
3.652,0.0,0.0,0.0,0.0
3.654,0.0,0.0,0.0,0.0
3.656,0.0,0.0,0.0,0.0
3.658,0.0,0.0,0.0,0.0
3.66,0.0,0.0,0.0,0.0
3.662,0.0,0.0,0.0,0.0
3.664,0.0,0.0,0.0,0.0
3.666,0.0,0.0,0.0,0.0
3.668,0.0,0.0,0.0,0.0
3.67,0.0,0.0,0.0,0.0
3.672,0.0,0.0,0.0,0.0
3.674,0.0,0.0,0.0,0.0
3.676,0.0,0.0,0.0,0.0
3.678,0.0,0.0,0.0,0.0
3.68,0.0,0.0,0.0,0.0
3.682,0.0,0.0,0.0,0.0
3.684,0.0,0.0,0.0,0.0
3.686,0.0,0.0,0.0,0.0
3.688,0.0,0.0,0.0,0.0
3.69,0.0,0.0,0.0,0.0
3.692,0.0,0.0,0.0,0.0
3.694,0.0,0.0,0.0,0.0
3.696,0.0,0.0,0.0,0.0
3.698,0.0,0.0,0.0,0.0
3.7,0.0,0.0,0.0,0.0
3.702,0.0,0.0,0.0,0.0
3.704,0.0,0.0,0.0,0.0
3.706,0.0,0.0,0.0,0.0
3.708,0.0,0.0,0.0,0.0
3.71,0.0,0.0,0.0,0.0
3.712,0.0,0.0,0.0,0.0
3.714,0.0,0.0,0.0,0.0
3.716,0.0,0.0,0.0,0.0
3.718,0.0,0.0,0.0,0.0
3.72,0.0,0.0,0.0,0.0
3.722,0.0,0.0,0.0,0.0
3.724,0.0,0.0,0.0,0.0
3.726,0.0,0.0,0.0,0.0
3.728,0.0,0.0,0.0,0.0
3.73,0.0,0.0,0.0,0.0
3.732,0.0,0.0,0.0,0.0
3.734,0.0,0.0,0.0,0.0
3.736,0.0,0.0,0.0,0.0
3.738,0.0,0.0,0.0,0.0
3.74,0.0,0.0,0.0,0.0
3.742,0.0,0.0,0.0,0.0
3.744,0.0,0.0,0.0,0.0
3.746,0.0,0.0,0.0,0.0
3.748,0.0,0.0,0.0,0.0
3.75,0.0,0.0,0.0,0.0
3.752,0.0,0.0,0.0,0.0
3.754,0.0,0.0,0.0,0.0
3.756,0.0,0.0,0.0,0.0
3.758,0.0,0.0,0.0,0.0
3.76,0.0,0.0,0.0,0.0
3.762,0.0,0.0,0.0,0.0
3.764,0.0,0.0,0.0,0.0
3.766,0.0,0.0,0.0,0.0
3.768,0.0,0.0,0.0,0.0
3.77,0.0,0.0,0.0,0.0
3.772,0.0,0.0,0.0,0.0
3.774,0.0,0.0,0.0,0.0
3.776,0.0,0.0,0.0,0.0
3.778,0.0,0.0,0.0,0.0
3.78,0.0,0.0,0.0,0.0
3.782,0.0,0.0,0.0,0.0
3.784,0.0,0.0,0.0,0.0
3.786,0.0,0.0,0.0,0.0
3.788,0.0,0.0,0.0,0.0
3.79,0.0,0.0,0.0,0.0
3.792,0.0,0.0,0.0,0.0
3.794,0.0,0.0,0.0,0.0
3.796,0.0,0.0,0.0,0.0
3.798,0.0,0.0,0.0,0.0
3.8,0.0,0.0,0.0,0.0
3.802,0.0,0.0,0.0,0.0
3.804,0.0,0.0,0.0,0.0
3.806,0.0,0.0,0.0,0.0
3.808,0.0,0.0,0.0,0.0
3.81,0.0,0.0,0.0,0.0
3.812,0.0,0.0,0.0,0.0
3.814,0.0,0.0,0.0,0.0
3.816,0.0,0.0,0.0,0.0
3.818,0.0,0.0,0.0,0.0
3.82,0.0,0.0,0.0,0.0
3.822,0.0,0.0,0.0,0.0
3.824,0.0,0.0,0.0,0.0
3.826,0.0,0.0,0.0,0.0
3.828,0.0,0.0,0.0,0.0
3.83,0.0,0.0,0.0,0.0
3.832,0.0,0.0,0.0,0.0
3.834,0.0,0.0,0.0,0.0
3.836,0.0,0.0,0.0,0.0
3.838,0.0,0.0,0.0,0.0
3.84,0.0,0.0,0.0,0.0
3.842,0.0,0.0,0.0,0.0
3.844,0.0,0.0,0.0,0.0
3.846,0.0,0.0,0.0,0.0
3.848,0.0,0.0,0.0,0.0
3.85,0.0,0.0,0.0,0.0
3.852,0.0,0.0,0.0,0.0
3.854,0.0,0.0,0.0,0.0
3.856,0.0,0.0,0.0,0.0
3.858,0.0,0.0,0.0,0.0
3.86,0.0,0.0,0.0,0.0
3.862,0.0,0.0,0.0,0.0
3.864,0.0,0.0,0.0,0.0
3.866,0.0,0.0,0.0,0.0
3.868,0.0,0.0,0.0,0.0
3.87,0.0,0.0,0.0,0.0
3.872,0.0,0.0,0.0,0.0
3.874,0.0,0.0,0.0,0.0
3.876,0.0,0.0,0.0,0.0
3.878,0.0,0.0,0.0,0.0
3.88,0.0,0.0,0.0,0.0
3.882,0.0,0.0,0.0,0.0
3.884,0.0,0.0,0.0,0.0
3.886,0.0,0.0,0.0,0.0
3.888,0.0,0.0,0.0,0.0
3.89,0.0,0.0,0.0,0.0
3.892,0.0,0.0,0.0,0.0
3.894,0.0,0.0,0.0,0.0
3.896,0.0,0.0,0.0,0.0
3.898,0.0,0.0,0.0,0.0
3.9,0.0,0.0,0.0,0.0
3.902,0.0,0.0,0.0,0.0
3.904,0.0,0.0,0.0,0.0
3.906,0.0,0.0,0.0,0.0
3.908,0.0,0.0,0.0,0.0
3.91,0.0,0.0,0.0,0.0
3.912,0.0,0.0,0.0,0.0
3.914,0.0,0.0,0.0,0.0
3.916,0.0,0.0,0.0,0.0
3.918,0.0,0.0,0.0,0.0
3.92,0.0,0.0,0.0,0.0
3.922,0.0,0.0,0.0,0.0
3.924,0.0,0.0,0.0,0.0
3.926,0.0,0.0,0.0,0.0
3.928,0.0,0.0,0.0,0.0
3.93,0.0,0.0,0.0,0.0
3.932,0.0,0.0,0.0,0.0
3.934,0.0,0.0,0.0,0.0
3.936,0.0,0.0,0.0,0.0
3.938,0.0,0.0,0.0,0.0
3.94,0.0,0.0,0.0,0.0
3.942,0.0,0.0,0.0,0.0
3.944,0.0,0.0,0.0,0.0
3.946,0.0,0.0,0.0,0.0
3.948,0.0,0.0,0.0,0.0
3.95,0.0,0.0,0.0,0.0
3.952,0.0,0.0,0.0,0.0
3.954,0.0,0.0,0.0,0.0
3.956,0.0,0.0,0.0,0.0
3.958,0.0,0.0,0.0,0.0
3.96,0.0,0.0,0.0,0.0
3.962,0.0,0.0,0.0,0.0
3.964,0.0,0.0,0.0,0.0
3.966,0.0,0.0,0.0,0.0
3.968,0.0,0.0,0.0,0.0
3.97,0.0,0.0,0.0,0.0
3.972,0.0,0.0,0.0,0.0
3.974,0.0,0.0,0.0,0.0
3.976,0.0,0.0,0.0,0.0
3.978,0.0,0.0,0.0,0.0
3.98,0.0,0.0,0.0,0.0
3.982,0.0,0.0,0.0,0.0
3.984,0.0,0.0,0.0,0.0
3.986,0.0,0.0,0.0,0.0
3.988,0.0,0.0,0.0,0.0
3.99,0.0,0.0,0.0,0.0
3.992,0.0,0.0,0.0,0.0
3.994,0.0,0.0,0.0,0.0
3.996,0.0,0.0,0.0,0.0
3.998,0.0,0.0,0.0,0.0
4.0,0.0,0.0,0.0,0.0
4.002,0.0,0.0,0.0,0.0
4.004,0.0,0.0,0.0,0.0
4.006,0.0,0.0,0.0,0.0
4.008,0.0,0.0,0.0,0.0
4.01,0.0,0.0,0.0,0.0
4.012,0.0,0.0,0.0,0.0
4.014,0.0,0.0,0.0,0.0
4.016,0.0,0.0,0.0,0.0
4.018,0.0,0.0,0.0,0.0
4.02,0.0,0.0,0.0,0.0
4.022,0.0,0.0,0.0,0.0
4.024,0.0,0.0,0.0,0.0
4.026,0.0,0.0,0.0,0.0
4.028,0.0,0.0,0.0,0.0
4.03,0.0,0.0,0.0,0.0
4.032,0.0,0.0,0.0,0.0
4.034,0.0,0.0,0.0,0.0
4.036,0.0,0.0,0.0,0.0
4.038,0.0,0.0,0.0,0.0
4.04,0.0,0.0,0.0,0.0
4.042,0.0,0.0,0.0,0.0
4.044,0.0,0.0,0.0,0.0
4.046,0.0,0.0,0.0,0.0
4.048,0.0,0.0,0.0,0.0
4.05,0.0,0.0,0.0,0.0
4.052,0.0,0.0,0.0,0.0
4.054,0.0,0.0,0.0,0.0
4.056,0.0,0.0,0.0,0.0
4.058,0.0,0.0,0.0,0.0
4.06,0.0,0.0,0.0,0.0
4.062,0.0,0.0,0.0,0.0
4.064,0.0,0.0,0.0,0.0
4.066,0.0,0.0,0.0,0.0
4.068,0.0,0.0,0.0,0.0
4.07,0.0,0.0,0.0,0.0
4.072,0.0,0.0,0.0,0.0
4.074,0.0,0.0,0.0,0.0
4.076,0.0,0.0,0.0,0.0
4.078,0.0,0.0,0.0,0.0
4.08,0.0,0.0,0.0,0.0
4.082,0.0,0.0,0.0,0.0
4.084,0.0,0.0,0.0,0.0
4.086,0.0,0.0,0.0,0.0
4.088,0.0,0.0,0.0,0.0
4.09,0.0,0.0,0.0,0.0
4.092,0.0,0.0,0.0,0.0
4.094,0.0,0.0,0.0,0.0
4.096,0.0,0.0,0.0,0.0
4.098,0.0,0.0,0.0,0.0
4.1,0.0,0.0,0.0,0.0
4.102,0.0,0.0,0.0,0.0
4.104,0.0,0.0,0.0,0.0
4.106,0.0,0.0,0.0,0.0
4.108,0.0,0.0,0.0,0.0
4.11,0.0,0.0,0.0,0.0
4.112,0.0,0.0,0.0,0.0
4.114,0.0,0.0,0.0,0.0
4.116,0.0,0.0,0.0,0.0
4.118,0.0,0.0,0.0,0.0
4.12,0.0,0.0,0.0,0.0
4.122,0.0,0.0,0.0,0.0
4.124,0.0,0.0,0.0,0.0
4.126,0.0,0.0,0.0,0.0
4.128,0.0,0.0,0.0,0.0
4.13,0.0,0.0,0.0,0.0
4.132,0.0,0.0,0.0,0.0
4.134,0.0,0.0,0.0,0.0
4.136,0.0,0.0,0.0,0.0
4.138,0.0,0.0,0.0,0.0
4.14,0.0,0.0,0.0,0.0
4.142,0.0,0.0,0.0,0.0
4.144,0.0,0.0,0.0,0.0
4.146,0.0,0.0,0.0,0.0
4.148,0.0,0.0,0.0,0.0
4.15,0.0,0.0,0.0,0.0
4.152,0.0,0.0,0.0,0.0
4.154,0.0,0.0,0.0,0.0
4.156,0.0,0.0,0.0,0.0
4.158,0.0,0.0,0.0,0.0
4.16,0.0,0.0,0.0,0.0
4.162,0.0,0.0,0.0,0.0
4.164,0.0,0.0,0.0,0.0
4.166,0.0,0.0,0.0,0.0
4.168,0.0,0.0,0.0,0.0
4.17,0.0,0.0,0.0,0.0
4.172,0.0,0.0,0.0,0.0
4.174,0.0,0.0,0.0,0.0
4.176,0.0,0.0,0.0,0.0
4.178,0.0,0.0,0.0,0.0
4.18,0.0,0.0,0.0,0.0
4.182,0.0,0.0,0.0,0.0
4.184,0.0,0.0,0.0,0.0
4.186,0.0,0.0,0.0,0.0
4.188,0.0,0.0,0.0,0.0
4.19,0.0,0.0,0.0,0.0
4.192,0.0,0.0,0.0,0.0
4.194,0.0,0.0,0.0,0.0
4.196,0.0,0.0,0.0,0.0
4.198,0.0,0.0,0.0,0.0
4.2,0.0,0.0,0.0,0.0
4.202,0.0,0.0,0.0,0.0
4.204,0.0,0.0,0.0,0.0
4.206,0.0,0.0,0.0,0.0
4.208,0.0,0.0,0.0,0.0
4.21,0.0,0.0,0.0,0.0
4.212,0.0,0.0,0.0,0.0
4.214,0.0,0.0,0.0,0.0
4.216,0.0,0.0,0.0,0.0
4.218,0.0,0.0,0.0,0.0
4.22,0.0,0.0,0.0,0.0
4.222,0.0,0.0,0.0,0.0
4.224,0.0,0.0,0.0,0.0
4.226,0.0,0.0,0.0,0.0
4.228,0.0,0.0,0.0,0.0
4.23,0.0,0.0,0.0,0.0
4.232,0.0,0.0,0.0,0.0
4.234,0.0,0.0,0.0,0.0
4.236,0.0,0.0,0.0,0.0
4.238,0.0,0.0,0.0,0.0
4.24,0.0,0.0,0.0,0.0
4.242,0.0,0.0,0.0,0.0
4.244,0.0,0.0,0.0,0.0
4.246,0.0,0.0,0.0,0.0
4.248,0.0,0.0,0.0,0.0
4.25,0.0,0.0,0.0,0.0
4.252,0.0,0.0,0.0,0.0
4.254,0.0,0.0,0.0,0.0
4.256,0.0,0.0,0.0,0.0
4.258,0.0,0.0,0.0,0.0
4.26,0.0,0.0,0.0,0.0
4.262,0.0,0.0,0.0,0.0
4.264,0.0,0.0,0.0,0.0
4.266,0.0,0.0,0.0,0.0
4.268,0.0,0.0,0.0,0.0
4.27,0.0,0.0,0.0,0.0
4.272,0.0,0.0,0.0,0.0
4.274,0.0,0.0,0.0,0.0
4.276,0.0,0.0,0.0,0.0
4.278,0.0,0.0,0.0,0.0
4.28,0.0,0.0,0.0,0.0
4.282,0.0,0.0,0.0,0.0
4.284,0.0,0.0,0.0,0.0
4.286,0.0,0.0,0.0,0.0
4.288,0.0,0.0,0.0,0.0
4.29,0.0,0.0,0.0,0.0
4.292,0.0,0.0,0.0,0.0
4.294,0.0,0.0,0.0,0.0
4.296,0.0,0.0,0.0,0.0
4.298,0.0,0.0,0.0,0.0
4.3,0.0,0.0,0.0,0.0
4.302,0.0,0.0,0.0,0.0
4.304,0.0,0.0,0.0,0.0
4.306,0.0,0.0,0.0,0.0
4.308,0.0,0.0,0.0,0.0
4.31,0.0,0.0,0.0,0.0
4.312,0.0,0.0,0.0,0.0
4.314,0.0,0.0,0.0,0.0
4.316,0.0,0.0,0.0,0.0
4.318,0.0,0.0,0.0,0.0
4.32,0.0,0.0,0.0,0.0
4.322,0.0,0.0,0.0,0.0
4.324,0.0,0.0,0.0,0.0
4.326,0.0,0.0,0.0,0.0
4.328,0.0,0.0,0.0,0.0
4.33,0.0,0.0,0.0,0.0
4.332,0.0,0.0,0.0,0.0
4.334,0.0,0.0,0.0,0.0
4.336,0.0,0.0,0.0,0.0
4.338,0.0,0.0,0.0,0.0
4.34,0.0,0.0,0.0,0.0
4.342,0.0,0.0,0.0,0.0
4.344,0.0,0.0,0.0,0.0
4.346,0.0,0.0,0.0,0.0
4.348,0.0,0.0,0.0,0.0
4.35,0.0,0.0,0.0,0.0
4.352,0.0,0.0,0.0,0.0
4.354,0.0,0.0,0.0,0.0
4.356,0.0,0.0,0.0,0.0
4.358,0.0,0.0,0.0,0.0
4.36,0.0,0.0,0.0,0.0
4.362,0.0,0.0,0.0,0.0
4.364,0.0,0.0,0.0,0.0
4.366,0.0,0.0,0.0,0.0
4.368,0.0,0.0,0.0,0.0
4.37,0.0,0.0,0.0,0.0
4.372,0.0,0.0,0.0,0.0
4.374,0.0,0.0,0.0,0.0
4.376,0.0,0.0,0.0,0.0
4.378,0.0,0.0,0.0,0.0
4.38,0.0,0.0,0.0,0.0
4.382,0.0,0.0,0.0,0.0
4.384,0.0,0.0,0.0,0.0
4.386,0.0,0.0,0.0,0.0
4.388,0.0,0.0,0.0,0.0
4.39,0.0,0.0,0.0,0.0
4.392,0.0,0.0,0.0,0.0
4.394,0.0,0.0,0.0,0.0
4.396,0.0,0.0,0.0,0.0
4.398,0.0,0.0,0.0,0.0
4.4,0.0,0.0,0.0,0.0
4.402,0.0,0.0,0.0,0.0
4.404,0.0,0.0,0.0,0.0
4.406,0.0,0.0,0.0,0.0
4.408,0.0,0.0,0.0,0.0
4.41,0.0,0.0,0.0,0.0
4.412,0.0,0.0,0.0,0.0
4.414,0.0,0.0,0.0,0.0
4.416,0.0,0.0,0.0,0.0
4.418,0.0,0.0,0.0,0.0
4.42,0.0,0.0,0.0,0.0
4.422,0.0,0.0,0.0,0.0
4.424,0.0,0.0,0.0,0.0
4.426,0.0,0.0,0.0,0.0
4.428,0.0,0.0,0.0,0.0
4.43,0.0,0.0,0.0,0.0
4.432,0.0,0.0,0.0,0.0
4.434,0.0,0.0,0.0,0.0
4.436,0.0,0.0,0.0,0.0
4.438,0.0,0.0,0.0,0.0
4.44,0.0,0.0,0.0,0.0
4.442,0.0,0.0,0.0,0.0
4.444,0.0,0.0,0.0,0.0
4.446,0.0,0.0,0.0,0.0
4.448,0.0,0.0,0.0,0.0
4.45,0.0,0.0,0.0,0.0
4.452,0.0,0.0,0.0,0.0
4.454,0.0,0.0,0.0,0.0
4.456,0.0,0.0,0.0,0.0
4.458,0.0,0.0,0.0,0.0
4.46,0.0,0.0,0.0,0.0
4.462,0.0,0.0,0.0,0.0
4.464,0.0,0.0,0.0,0.0
4.466,0.0,0.0,0.0,0.0
4.468,0.0,0.0,0.0,0.0
4.47,0.0,0.0,0.0,0.0
4.472,0.0,0.0,0.0,0.0
4.474,0.0,0.0,0.0,0.0
4.476,0.0,0.0,0.0,0.0
4.478,0.0,0.0,0.0,0.0
4.48,0.0,0.0,0.0,0.0
4.482,0.0,0.0,0.0,0.0
4.484,0.0,0.0,0.0,0.0
4.486,0.0,0.0,0.0,0.0
4.488,0.0,0.0,0.0,0.0
4.49,0.0,0.0,0.0,0.0
4.492,0.0,0.0,0.0,0.0
4.494,0.0,0.0,0.0,0.0
4.496,0.0,0.0,0.0,0.0
4.498,0.0,0.0,0.0,0.0
4.5,0.0,0.0,0.0,0.0
4.502,0.0,0.0,0.0,0.0
4.504,0.0,0.0,0.0,0.0
4.506,0.0,0.0,0.0,0.0
4.508,0.0,0.0,0.0,0.0
4.51,0.0,0.0,0.0,0.0
4.512,0.0,0.0,0.0,0.0
4.514,0.0,0.0,0.0,0.0
4.516,0.0,0.0,0.0,0.0
4.518,0.0,0.0,0.0,0.0
4.52,0.0,0.0,0.0,0.0
4.522,0.0,0.0,0.0,0.0
4.524,0.0,0.0,0.0,0.0
4.526,0.0,0.0,0.0,0.0
4.528,0.0,0.0,0.0,0.0
4.53,0.0,0.0,0.0,0.0
4.532,0.0,0.0,0.0,0.0
4.534,0.0,0.0,0.0,0.0
4.536,0.0,0.0,0.0,0.0
4.538,0.0,0.0,0.0,0.0
4.54,0.0,0.0,0.0,0.0
4.542,0.0,0.0,0.0,0.0
4.544,0.0,0.0,0.0,0.0
4.546,0.0,0.0,0.0,0.0
4.548,0.0,0.0,0.0,0.0
4.55,0.0,0.0,0.0,0.0
4.552,0.0,0.0,0.0,0.0
4.554,0.0,0.0,0.0,0.0
4.556,0.0,0.0,0.0,0.0
4.558,0.0,0.0,0.0,0.0
4.56,0.0,0.0,0.0,0.0
4.562,0.0,0.0,0.0,0.0
4.564,0.0,0.0,0.0,0.0
4.566,0.0,0.0,0.0,0.0
4.568,0.0,0.0,0.0,0.0
4.57,0.0,0.0,0.0,0.0
4.572,0.0,0.0,0.0,0.0
4.574,0.0,0.0,0.0,0.0
4.576,0.0,0.0,0.0,0.0
4.578,0.0,0.0,0.0,0.0
4.58,0.0,0.0,0.0,0.0
4.582,0.0,0.0,0.0,0.0
4.584,0.0,0.0,0.0,0.0
4.586,0.0,0.0,0.0,0.0
4.588,0.0,0.0,0.0,0.0
4.59,0.0,0.0,0.0,0.0
4.592,0.0,0.0,0.0,0.0
4.594,0.0,0.0,0.0,0.0
4.596,0.0,0.0,0.0,0.0
4.598,0.0,0.0,0.0,0.0
4.6,0.0,0.0,0.0,0.0
4.602,0.0,0.0,0.0,0.0
4.604,0.0,0.0,0.0,0.0
4.606,0.0,0.0,0.0,0.0
4.608,0.0,0.0,0.0,0.0
4.61,0.0,0.0,0.0,0.0
4.612,0.0,0.0,0.0,0.0
4.614,0.0,0.0,0.0,0.0
4.616,0.0,0.0,0.0,0.0
4.618,0.0,0.0,0.0,0.0
4.62,0.0,0.0,0.0,0.0
4.622,0.0,0.0,0.0,0.0
4.624,0.0,0.0,0.0,0.0
4.626,0.0,0.0,0.0,0.0
4.628,0.0,0.0,0.0,0.0
4.63,0.0,0.0,0.0,0.0
4.632,0.0,0.0,0.0,0.0
4.634,0.0,0.0,0.0,0.0
4.636,0.0,0.0,0.0,0.0
4.638,0.0,0.0,0.0,0.0
4.64,0.0,0.0,0.0,0.0
4.642,0.0,0.0,0.0,0.0
4.644,0.0,0.0,0.0,0.0
4.646,0.0,0.0,0.0,0.0
4.648,0.0,0.0,0.0,0.0
4.65,0.0,0.0,0.0,0.0
4.652,0.0,0.0,0.0,0.0
4.654,0.0,0.0,0.0,0.0
4.656,0.0,0.0,0.0,0.0
4.658,0.0,0.0,0.0,0.0
4.66,0.0,0.0,0.0,0.0
4.662,0.0,0.0,0.0,0.0
4.664,0.0,0.0,0.0,0.0
4.666,0.0,0.0,0.0,0.0
4.668,0.0,0.0,0.0,0.0
4.67,0.0,0.0,0.0,0.0
4.672,0.0,0.0,0.0,0.0
4.674,0.0,0.0,0.0,0.0
4.676,0.0,0.0,0.0,0.0
4.678,0.0,0.0,0.0,0.0
4.68,0.0,0.0,0.0,0.0
4.682,0.0,0.0,0.0,0.0
4.684,0.0,0.0,0.0,0.0
4.686,0.0,0.0,0.0,0.0
4.688,0.0,0.0,0.0,0.0
4.69,0.0,0.0,0.0,0.0
4.692,0.0,0.0,0.0,0.0
4.694,0.0,0.0,0.0,0.0
4.696,0.0,0.0,0.0,0.0
4.698,0.0,0.0,0.0,0.0
4.7,0.0,0.0,0.0,0.0
4.702,0.0,0.0,0.0,0.0
4.704,0.0,0.0,0.0,0.0
4.706,0.0,0.0,0.0,0.0
4.708,0.0,0.0,0.0,0.0
4.71,0.0,0.0,0.0,0.0
4.712,0.0,0.0,0.0,0.0
4.714,0.0,0.0,0.0,0.0
4.716,0.0,0.0,0.0,0.0
4.718,0.0,0.0,0.0,0.0
4.72,0.0,0.0,0.0,0.0
4.722,0.0,0.0,0.0,0.0
4.724,0.0,0.0,0.0,0.0
4.726,0.0,0.0,0.0,0.0
4.728,0.0,0.0,0.0,0.0
4.73,0.0,0.0,0.0,0.0
4.732,0.0,0.0,0.0,0.0
4.734,0.0,0.0,0.0,0.0
4.736,0.0,0.0,0.0,0.0
4.738,0.0,0.0,0.0,0.0
4.74,0.0,0.0,0.0,0.0
4.742,0.0,0.0,0.0,0.0
4.744,0.0,0.0,0.0,0.0
4.746,0.0,0.0,0.0,0.0
4.748,0.0,0.0,0.0,0.0
4.75,0.0,0.0,0.0,0.0
4.752,0.0,0.0,0.0,0.0
4.754,0.0,0.0,0.0,0.0
4.756,0.0,0.0,0.0,0.0
4.758,0.0,0.0,0.0,0.0
4.76,0.0,0.0,0.0,0.0
4.762,0.0,0.0,0.0,0.0
4.764,0.0,0.0,0.0,0.0
4.766,0.0,0.0,0.0,0.0
4.768,0.0,0.0,0.0,0.0
4.77,0.0,0.0,0.0,0.0
4.772,0.0,0.0,0.0,0.0
4.774,0.0,0.0,0.0,0.0
4.776,0.0,0.0,0.0,0.0
4.778,0.0,0.0,0.0,0.0
4.78,0.0,0.0,0.0,0.0
4.782,0.0,0.0,0.0,0.0
4.784,0.0,0.0,0.0,0.0
4.786,0.0,0.0,0.0,0.0
4.788,0.0,0.0,0.0,0.0
4.79,0.0,0.0,0.0,0.0
4.792,0.0,0.0,0.0,0.0
4.794,0.0,0.0,0.0,0.0
4.796,0.0,0.0,0.0,0.0
4.798,0.0,0.0,0.0,0.0
4.8,0.0,0.0,0.0,0.0
4.802,0.0,0.0,0.0,0.0
4.804,0.0,0.0,0.0,0.0
4.806,0.0,0.0,0.0,0.0
4.808,0.0,0.0,0.0,0.0
4.81,0.0,0.0,0.0,0.0
4.812,0.0,0.0,0.0,0.0
4.814,0.0,0.0,0.0,0.0
4.816,0.0,0.0,0.0,0.0
4.818,0.0,0.0,0.0,0.0
4.82,0.0,0.0,0.0,0.0
4.822,0.0,0.0,0.0,0.0
4.824,0.0,0.0,0.0,0.0
4.826,0.0,0.0,0.0,0.0
4.828,0.0,0.0,0.0,0.0
4.83,0.0,0.0,0.0,0.0
4.832,0.0,0.0,0.0,0.0
4.834,0.0,0.0,0.0,0.0
4.836,0.0,0.0,0.0,0.0
4.838,0.0,0.0,0.0,0.0
4.84,0.0,0.0,0.0,0.0
4.842,0.0,0.0,0.0,0.0
4.844,0.0,0.0,0.0,0.0
4.846,0.0,0.0,0.0,0.0
4.848,0.0,0.0,0.0,0.0
4.85,0.0,0.0,0.0,0.0
4.852,0.0,0.0,0.0,0.0
4.854,0.0,0.0,0.0,0.0
4.856,0.0,0.0,0.0,0.0
4.858,0.0,0.0,0.0,0.0
4.86,0.0,0.0,0.0,0.0
4.862,0.0,0.0,0.0,0.0
4.864,0.0,0.0,0.0,0.0
4.866,0.0,0.0,0.0,0.0
4.868,0.0,0.0,0.0,0.0
4.87,0.0,0.0,0.0,0.0
4.872,0.0,0.0,0.0,0.0
4.874,0.0,0.0,0.0,0.0
4.876,0.0,0.0,0.0,0.0
4.878,0.0,0.0,0.0,0.0
4.88,0.0,0.0,0.0,0.0
4.882,0.0,0.0,0.0,0.0
4.884,0.0,0.0,0.0,0.0
4.886,0.0,0.0,0.0,0.0
4.888,0.0,0.0,0.0,0.0
4.89,0.0,0.0,0.0,0.0
4.892,0.0,0.0,0.0,0.0
4.894,0.0,0.0,0.0,0.0
4.896,0.0,0.0,0.0,0.0
4.898,0.0,0.0,0.0,0.0
4.9,0.0,0.0,0.0,0.0
4.902,0.0,0.0,0.0,0.0
4.904,0.0,0.0,0.0,0.0
4.906,0.0,0.0,0.0,0.0
4.908,0.0,0.0,0.0,0.0
4.91,0.0,0.0,0.0,0.0
4.912,0.0,0.0,0.0,0.0
4.914,0.0,0.0,0.0,0.0
4.916,0.0,0.0,0.0,0.0
4.918,0.0,0.0,0.0,0.0
4.92,0.0,0.0,0.0,0.0
4.922,0.0,0.0,0.0,0.0
4.924,0.0,0.0,0.0,0.0
4.926,0.0,0.0,0.0,0.0
4.928,0.0,0.0,0.0,0.0
4.93,0.0,0.0,0.0,0.0
4.932,0.0,0.0,0.0,0.0
4.934,0.0,0.0,0.0,0.0
4.936,0.0,0.0,0.0,0.0
4.938,0.0,0.0,0.0,0.0
4.94,0.0,0.0,0.0,0.0
4.942,0.0,0.0,0.0,0.0
4.944,0.0,0.0,0.0,0.0
4.946,0.0,0.0,0.0,0.0
4.948,0.0,0.0,0.0,0.0
4.95,0.0,0.0,0.0,0.0
4.952,0.0,0.0,0.0,0.0
4.954,0.0,0.0,0.0,0.0
4.956,0.0,0.0,0.0,0.0
4.958,0.0,0.0,0.0,0.0
4.96,0.0,0.0,0.0,0.0
4.962,0.0,0.0,0.0,0.0
4.964,0.0,0.0,0.0,0.0
4.966,0.0,0.0,0.0,0.0
4.968,0.0,0.0,0.0,0.0
4.97,0.0,0.0,0.0,0.0
4.972,0.0,0.0,0.0,0.0
4.974,0.0,0.0,0.0,0.0
4.976,0.0,0.0,0.0,0.0
4.978,0.0,0.0,0.0,0.0
4.98,0.0,0.0,0.0,0.0
4.982,0.0,0.0,0.0,0.0
4.984,0.0,0.0,0.0,0.0
4.986,0.0,0.0,0.0,0.0
4.988,0.0,0.0,0.0,0.0
4.99,0.0,0.0,0.0,0.0
4.992,0.0,0.0,0.0,0.0
4.994,0.0,0.0,0.0,0.0
4.996,0.0,0.0,0.0,0.0
4.998,0.0,0.0,0.0,0.0
5.0,0.0,0.0,0.0,0.0
5.002,0.0,0.0,0.0,0.0
5.004,0.0,0.0,0.0,0.0
5.006,0.0,0.0,0.0,0.0
5.008,0.0,0.0,0.0,0.0
5.01,0.0,0.0,0.0,0.0
5.012,0.0,0.0,0.0,0.0
5.014,0.0,0.0,0.0,0.0
5.016,0.0,0.0,0.0,0.0
5.018,0.0,0.0,0.0,0.0
5.02,0.0,0.0,0.0,0.0
5.022,0.0,0.0,0.0,0.0
5.024,0.0,0.0,0.0,0.0
5.026,0.0,0.0,0.0,0.0
5.028,0.0,0.0,0.0,0.0
5.03,0.0,0.0,0.0,0.0
5.032,0.0,0.0,0.0,0.0
5.034,0.0,0.0,0.0,0.0
5.036,0.0,0.0,0.0,0.0
5.038,0.0,0.0,0.0,0.0
5.04,0.0,0.0,0.0,0.0
5.042,0.0,0.0,0.0,0.0
5.044,0.0,0.0,0.0,0.0
5.046,0.0,0.0,0.0,0.0
5.048,0.0,0.0,0.0,0.0
5.05,0.0,0.0,0.0,0.0
5.052,0.0,0.0,0.0,0.0
5.054,0.0,0.0,0.0,0.0
5.056,0.0,0.0,0.0,0.0
5.058,0.0,0.0,0.0,0.0
5.06,0.0,0.0,0.0,0.0
5.062,0.0,0.0,0.0,0.0
5.064,0.0,0.0,0.0,0.0
5.066,0.0,0.0,0.0,0.0
5.068,0.0,0.0,0.0,0.0
5.07,0.0,0.0,0.0,0.0
5.072,0.0,0.0,0.0,0.0
5.074,0.0,0.0,0.0,0.0
5.076,0.0,0.0,0.0,0.0
5.078,0.0,0.0,0.0,0.0
5.08,0.0,0.0,0.0,0.0
5.082,0.0,0.0,0.0,0.0
5.084,0.0,0.0,0.0,0.0
5.086,0.0,0.0,0.0,0.0
5.088,0.0,0.0,0.0,0.0
5.09,0.0,0.0,0.0,0.0
5.092,0.0,0.0,0.0,0.0
5.094,0.0,0.0,0.0,0.0
5.096,0.0,0.0,0.0,0.0
5.098,0.0,0.0,0.0,0.0
5.1,0.0,0.0,0.0,0.0
5.102,0.0,0.0,0.0,0.0
5.104,0.0,0.0,0.0,0.0
5.106,0.0,0.0,0.0,0.0
5.108,0.0,0.0,0.0,0.0
5.11,0.0,0.0,0.0,0.0
5.112,0.0,0.0,0.0,0.0
5.114,0.0,0.0,0.0,0.0
5.116,0.0,0.0,0.0,0.0
5.118,0.0,0.0,0.0,0.0
5.12,0.0,0.0,0.0,0.0
5.122,0.0,0.0,0.0,0.0
5.124,0.0,0.0,0.0,0.0
5.126,0.0,0.0,0.0,0.0
5.128,0.0,0.0,0.0,0.0
5.13,0.0,0.0,0.0,0.0
5.132,0.0,0.0,0.0,0.0
5.134,0.0,0.0,0.0,0.0
5.136,0.0,0.0,0.0,0.0
5.138,0.0,0.0,0.0,0.0
5.14,0.0,0.0,0.0,0.0
5.142,0.0,0.0,0.0,0.0
5.144,0.0,0.0,0.0,0.0
5.146,0.0,0.0,0.0,0.0
5.148,0.0,0.0,0.0,0.0
5.15,0.0,0.0,0.0,0.0
5.152,0.0,0.0,0.0,0.0
5.154,0.0,0.0,0.0,0.0
5.156,0.0,0.0,0.0,0.0
5.158,0.0,0.0,0.0,0.0
5.16,0.0,0.0,0.0,0.0
5.162,0.0,0.0,0.0,0.0
5.164,0.0,0.0,0.0,0.0
5.166,0.0,0.0,0.0,0.0
5.168,0.0,0.0,0.0,0.0
5.17,0.0,0.0,0.0,0.0
5.172,0.0,0.0,0.0,0.0
5.174,0.0,0.0,0.0,0.0
5.176,0.0,0.0,0.0,0.0
5.178,0.0,0.0,0.0,0.0
5.18,0.0,0.0,0.0,0.0
5.182,0.0,0.0,0.0,0.0
5.184,0.0,0.0,0.0,0.0
5.186,0.0,0.0,0.0,0.0
5.188,0.0,0.0,0.0,0.0
5.19,0.0,0.0,0.0,0.0
5.192,0.0,0.0,0.0,0.0
5.194,0.0,0.0,0.0,0.0
5.196,0.0,0.0,0.0,0.0
5.198,0.0,0.0,0.0,0.0
5.2,0.0,0.0,0.0,0.0
5.202,0.0,0.0,0.0,0.0
5.204,0.0,0.0,0.0,0.0
5.206,0.0,0.0,0.0,0.0
5.208,0.0,0.0,0.0,0.0
5.21,0.0,0.0,0.0,0.0
5.212,0.0,0.0,0.0,0.0
5.214,0.0,0.0,0.0,0.0
5.216,0.0,0.0,0.0,0.0
5.218,0.0,0.0,0.0,0.0
5.22,0.0,0.0,0.0,0.0
5.222,0.0,0.0,0.0,0.0
5.224,0.0,0.0,0.0,0.0
5.226,0.0,0.0,0.0,0.0
5.228,0.0,0.0,0.0,0.0
5.23,0.0,0.0,0.0,0.0
5.232,0.0,0.0,0.0,0.0
5.234,0.0,0.0,0.0,0.0
5.236,0.0,0.0,0.0,0.0
5.238,0.0,0.0,0.0,0.0
5.24,0.0,0.0,0.0,0.0
5.242,0.0,0.0,0.0,0.0
5.244,0.0,0.0,0.0,0.0
5.246,0.0,0.0,0.0,0.0
5.248,0.0,0.0,0.0,0.0
5.25,0.0,0.0,0.0,0.0
5.252,0.0,0.0,0.0,0.0
5.254,0.0,0.0,0.0,0.0
5.256,0.0,0.0,0.0,0.0
5.258,0.0,0.0,0.0,0.0
5.26,0.0,0.0,0.0,0.0
5.262,0.0,0.0,0.0,0.0
5.264,0.0,0.0,0.0,0.0
5.266,0.0,0.0,0.0,0.0
5.268,0.0,0.0,0.0,0.0
5.27,0.0,0.0,0.0,0.0
5.272,0.0,0.0,0.0,0.0
5.274,0.0,0.0,0.0,0.0
5.276,0.0,0.0,0.0,0.0
5.278,0.0,0.0,0.0,0.0
5.28,0.0,0.0,0.0,0.0
5.282,0.0,0.0,0.0,0.0
5.284,0.0,0.0,0.0,0.0
5.286,0.0,0.0,0.0,0.0
5.288,0.0,0.0,0.0,0.0
5.29,0.0,0.0,0.0,0.0
5.292,0.0,0.0,0.0,0.0
5.294,0.0,0.0,0.0,0.0
5.296,0.0,0.0,0.0,0.0
5.298,0.0,0.0,0.0,0.0
5.3,0.0,0.0,0.0,0.0
5.302,0.0,0.0,0.0,0.0
5.304,0.0,0.0,0.0,0.0
5.306,0.0,0.0,0.0,0.0
5.308,0.0,0.0,0.0,0.0
5.31,0.0,0.0,0.0,0.0
5.312,0.0,0.0,0.0,0.0
5.314,0.0,0.0,0.0,0.0
5.316,0.0,0.0,0.0,0.0
5.318,0.0,0.0,0.0,0.0
5.32,0.0,0.0,0.0,0.0
5.322,0.0,0.0,0.0,0.0
5.324,0.0,0.0,0.0,0.0
5.326,0.0,0.0,0.0,0.0
5.328,0.0,0.0,0.0,0.0
5.33,0.0,0.0,0.0,0.0
5.332,0.0,0.0,0.0,0.0
5.334,0.0,0.0,0.0,0.0
5.336,0.0,0.0,0.0,0.0
5.338,0.0,0.0,0.0,0.0
5.34,0.0,0.0,0.0,0.0
5.342,0.0,0.0,0.0,0.0
5.344,0.0,0.0,0.0,0.0
5.346,0.0,0.0,0.0,0.0
5.348,0.0,0.0,0.0,0.0
5.35,0.0,0.0,0.0,0.0
5.352,0.0,0.0,0.0,0.0
5.354,0.0,0.0,0.0,0.0
5.356,0.0,0.0,0.0,0.0
5.358,0.0,0.0,0.0,0.0
5.36,0.0,0.0,0.0,0.0
5.362,0.0,0.0,0.0,0.0
5.364,0.0,0.0,0.0,0.0
5.366,0.0,0.0,0.0,0.0
5.368,0.0,0.0,0.0,0.0
5.37,0.0,0.0,0.0,0.0
5.372,0.0,0.0,0.0,0.0
5.374,0.0,0.0,0.0,0.0
5.376,0.0,0.0,0.0,0.0
5.378,0.0,0.0,0.0,0.0
5.38,0.0,0.0,0.0,0.0
5.382,0.0,0.0,0.0,0.0
5.384,0.0,0.0,0.0,0.0
5.386,0.0,0.0,0.0,0.0
5.388,0.0,0.0,0.0,0.0
5.39,0.0,0.0,0.0,0.0
5.392,0.0,0.0,0.0,0.0
5.394,0.0,0.0,0.0,0.0
5.396,0.0,0.0,0.0,0.0
5.398,0.0,0.0,0.0,0.0
5.4,0.0,0.0,0.0,0.0
5.402,0.0,0.0,0.0,0.0
5.404,0.0,0.0,0.0,0.0
5.406,0.0,0.0,0.0,0.0
5.408,0.0,0.0,0.0,0.0
5.41,0.0,0.0,0.0,0.0
5.412,0.0,0.0,0.0,0.0
5.414,0.0,0.0,0.0,0.0
5.416,0.0,0.0,0.0,0.0
5.418,0.0,0.0,0.0,0.0
5.42,0.0,0.0,0.0,0.0
5.422,0.0,0.0,0.0,0.0
5.424,0.0,0.0,0.0,0.0
5.426,0.0,0.0,0.0,0.0
5.428,0.0,0.0,0.0,0.0
5.43,0.0,0.0,0.0,0.0
5.432,0.0,0.0,0.0,0.0
5.434,0.0,0.0,0.0,0.0
5.436,0.0,0.0,0.0,0.0
5.438,0.0,0.0,0.0,0.0
5.44,0.0,0.0,0.0,0.0
5.442,0.0,0.0,0.0,0.0
5.444,0.0,0.0,0.0,0.0
5.446,0.0,0.0,0.0,0.0
5.448,0.0,0.0,0.0,0.0
5.45,0.0,0.0,0.0,0.0
5.452,0.0,0.0,0.0,0.0
5.454,0.0,0.0,0.0,0.0
5.456,0.0,0.0,0.0,0.0
5.458,0.0,0.0,0.0,0.0
5.46,0.0,0.0,0.0,0.0
5.462,0.0,0.0,0.0,0.0
5.464,0.0,0.0,0.0,0.0
5.466,0.0,0.0,0.0,0.0
5.468,0.0,0.0,0.0,0.0
5.47,0.0,0.0,0.0,0.0
5.472,0.0,0.0,0.0,0.0
5.474,0.0,0.0,0.0,0.0
5.476,0.0,0.0,0.0,0.0
5.478,0.0,0.0,0.0,0.0
5.48,0.0,0.0,0.0,0.0
5.482,0.0,0.0,0.0,0.0
5.484,0.0,0.0,0.0,0.0
5.486,0.0,0.0,0.0,0.0
5.488,0.0,0.0,0.0,0.0
5.49,0.0,0.0,0.0,0.0
5.492,0.0,0.0,0.0,0.0
5.494,0.0,0.0,0.0,0.0
5.496,0.0,0.0,0.0,0.0
5.498,0.0,0.0,0.0,0.0
5.5,0.0,0.0,0.0,0.0
5.502,0.0,0.0,0.0,0.0
5.504,0.0,0.0,0.0,0.0
5.506,0.0,0.0,0.0,0.0
5.508,0.0,0.0,0.0,0.0
5.51,0.0,0.0,0.0,0.0
5.512,0.0,0.0,0.0,0.0
5.514,0.0,0.0,0.0,0.0
5.516,0.0,0.0,0.0,0.0
5.518,0.0,0.0,0.0,0.0
5.52,0.0,0.0,0.0,0.0
5.522,0.0,0.0,0.0,0.0
5.524,0.0,0.0,0.0,0.0
5.526,0.0,0.0,0.0,0.0
5.528,0.0,0.0,0.0,0.0
5.53,0.0,0.0,0.0,0.0
5.532,0.0,0.0,0.0,0.0
5.534,0.0,0.0,0.0,0.0
5.536,0.0,0.0,0.0,0.0
5.538,0.0,0.0,0.0,0.0
5.54,0.0,0.0,0.0,0.0
5.542,0.0,0.0,0.0,0.0
5.544,0.0,0.0,0.0,0.0
5.546,0.0,0.0,0.0,0.0
5.548,0.0,0.0,0.0,0.0
5.55,0.0,0.0,0.0,0.0
5.552,0.0,0.0,0.0,0.0
5.554,0.0,0.0,0.0,0.0
5.556,0.0,0.0,0.0,0.0
5.558,0.0,0.0,0.0,0.0
5.56,0.0,0.0,0.0,0.0
5.562,0.0,0.0,0.0,0.0
5.564,0.0,0.0,0.0,0.0
5.566,0.0,0.0,0.0,0.0
5.568,0.0,0.0,0.0,0.0
5.57,0.0,0.0,0.0,0.0
5.572,0.0,0.0,0.0,0.0
5.574,0.0,0.0,0.0,0.0
5.576,0.0,0.0,0.0,0.0
5.578,0.0,0.0,0.0,0.0
5.58,0.0,0.0,0.0,0.0
5.582,0.0,0.0,0.0,0.0
5.584,0.0,0.0,0.0,0.0
5.586,0.0,0.0,0.0,0.0
5.588,0.0,0.0,0.0,0.0
5.59,0.0,0.0,0.0,0.0
5.592,0.0,0.0,0.0,0.0
5.594,0.0,0.0,0.0,0.0
5.596,0.0,0.0,0.0,0.0
5.598,0.0,0.0,0.0,0.0
5.6,0.0,0.0,0.0,0.0
5.602,0.0,0.0,0.0,0.0
5.604,0.0,0.0,0.0,0.0
5.606,0.0,0.0,0.0,0.0
5.608,0.0,0.0,0.0,0.0
5.61,0.0,0.0,0.0,0.0
5.612,0.0,0.0,0.0,0.0
5.614,0.0,0.0,0.0,0.0
5.616,0.0,0.0,0.0,0.0
5.618,0.0,0.0,0.0,0.0
5.62,0.0,0.0,0.0,0.0
5.622,0.0,0.0,0.0,0.0
5.624,0.0,0.0,0.0,0.0
5.626,0.0,0.0,0.0,0.0
5.628,0.0,0.0,0.0,0.0
5.63,0.0,0.0,0.0,0.0
5.632,0.0,0.0,0.0,0.0
5.634,0.0,0.0,0.0,0.0
5.636,0.0,0.0,0.0,0.0
5.638,0.0,0.0,0.0,0.0
5.64,0.0,0.0,0.0,0.0
5.642,0.0,0.0,0.0,0.0
5.644,0.0,0.0,0.0,0.0
5.646,0.0,0.0,0.0,0.0
5.648,0.0,0.0,0.0,0.0
5.65,0.0,0.0,0.0,0.0
5.652,0.0,0.0,0.0,0.0
5.654,0.0,0.0,0.0,0.0
5.656,0.0,0.0,0.0,0.0
5.658,0.0,0.0,0.0,0.0
5.66,0.0,0.0,0.0,0.0
5.662,0.0,0.0,0.0,0.0
5.664,0.0,0.0,0.0,0.0
5.666,0.0,0.0,0.0,0.0
5.668,0.0,0.0,0.0,0.0
5.67,0.0,0.0,0.0,0.0
5.672,0.0,0.0,0.0,0.0
5.674,0.0,0.0,0.0,0.0
5.676,0.0,0.0,0.0,0.0
5.678,0.0,0.0,0.0,0.0
5.68,0.0,0.0,0.0,0.0
5.682,0.0,0.0,0.0,0.0
5.684,0.0,0.0,0.0,0.0
5.686,0.0,0.0,0.0,0.0
5.688,0.0,0.0,0.0,0.0
5.69,0.0,0.0,0.0,0.0
5.692,0.0,0.0,0.0,0.0
5.694,0.0,0.0,0.0,0.0
5.696,0.0,0.0,0.0,0.0
5.698,0.0,0.0,0.0,0.0
5.7,0.0,0.0,0.0,0.0
5.702,0.0,0.0,0.0,0.0
5.704,0.0,0.0,0.0,0.0
5.706,0.0,0.0,0.0,0.0
5.708,0.0,0.0,0.0,0.0
5.71,0.0,0.0,0.0,0.0
5.712,0.0,0.0,0.0,0.0
5.714,0.0,0.0,0.0,0.0
5.716,0.0,0.0,0.0,0.0
5.718,0.0,0.0,0.0,0.0
5.72,0.0,0.0,0.0,0.0
5.722,0.0,0.0,0.0,0.0
5.724,0.0,0.0,0.0,0.0
5.726,0.0,0.0,0.0,0.0
5.728,0.0,0.0,0.0,0.0
5.73,0.0,0.0,0.0,0.0
5.732,0.0,0.0,0.0,0.0
5.734,0.0,0.0,0.0,0.0
5.736,0.0,0.0,0.0,0.0
5.738,0.0,0.0,0.0,0.0
5.74,0.0,0.0,0.0,0.0
5.742,0.0,0.0,0.0,0.0
5.744,0.0,0.0,0.0,0.0
5.746,0.0,0.0,0.0,0.0
5.748,0.0,0.0,0.0,0.0
5.75,0.0,0.0,0.0,0.0
5.752,0.0,0.0,0.0,0.0
5.754,0.0,0.0,0.0,0.0
5.756,0.0,0.0,0.0,0.0
5.758,0.0,0.0,0.0,0.0
5.76,0.0,0.0,0.0,0.0
5.762,0.0,0.0,0.0,0.0
5.764,0.0,0.0,0.0,0.0
5.766,0.0,0.0,0.0,0.0
5.768,0.0,0.0,0.0,0.0
5.77,0.0,0.0,0.0,0.0
5.772,0.0,0.0,0.0,0.0
5.774,0.0,0.0,0.0,0.0
5.776,0.0,0.0,0.0,0.0
5.778,0.0,0.0,0.0,0.0
5.78,0.0,0.0,0.0,0.0
5.782,0.0,0.0,0.0,0.0
5.784,0.0,0.0,0.0,0.0
5.786,0.0,0.0,0.0,0.0
5.788,0.0,0.0,0.0,0.0
5.79,0.0,0.0,0.0,0.0
5.792,0.0,0.0,0.0,0.0
5.794,0.0,0.0,0.0,0.0
5.796,0.0,0.0,0.0,0.0
5.798,0.0,0.0,0.0,0.0
5.8,0.0,0.0,0.0,0.0
5.802,0.0,0.0,0.0,0.0
5.804,0.0,0.0,0.0,0.0
5.806,0.0,0.0,0.0,0.0
5.808,0.0,0.0,0.0,0.0
5.81,0.0,0.0,0.0,0.0
5.812,0.0,0.0,0.0,0.0
5.814,0.0,0.0,0.0,0.0
5.816,0.0,0.0,0.0,0.0
5.818,0.0,0.0,0.0,0.0
5.82,0.0,0.0,0.0,0.0
5.822,0.0,0.0,0.0,0.0
5.824,0.0,0.0,0.0,0.0
5.826,0.0,0.0,0.0,0.0
5.828,0.0,0.0,0.0,0.0
5.83,0.0,0.0,0.0,0.0
5.832,0.0,0.0,0.0,0.0
5.834,0.0,0.0,0.0,0.0
5.836,0.0,0.0,0.0,0.0
5.838,0.0,0.0,0.0,0.0
5.84,0.0,0.0,0.0,0.0
5.842,0.0,0.0,0.0,0.0
5.844,0.0,0.0,0.0,0.0
5.846,0.0,0.0,0.0,0.0
5.848,0.0,0.0,0.0,0.0
5.85,0.0,0.0,0.0,0.0
5.852,0.0,0.0,0.0,0.0
5.854,0.0,0.0,0.0,0.0
5.856,0.0,0.0,0.0,0.0
5.858,0.0,0.0,0.0,0.0
5.86,0.0,0.0,0.0,0.0
5.862,0.0,0.0,0.0,0.0
5.864,0.0,0.0,0.0,0.0
5.866,0.0,0.0,0.0,0.0
5.868,0.0,0.0,0.0,0.0
5.87,0.0,0.0,0.0,0.0
5.872,0.0,0.0,0.0,0.0
5.874,0.0,0.0,0.0,0.0
5.876,0.0,0.0,0.0,0.0
5.878,0.0,0.0,0.0,0.0
5.88,0.0,0.0,0.0,0.0
5.882,0.0,0.0,0.0,0.0
5.884,0.0,0.0,0.0,0.0
5.886,0.0,0.0,0.0,0.0
5.888,0.0,0.0,0.0,0.0
5.89,0.0,0.0,0.0,0.0
5.892,0.0,0.0,0.0,0.0
5.894,0.0,0.0,0.0,0.0
5.896,0.0,0.0,0.0,0.0
5.898,0.0,0.0,0.0,0.0
5.9,0.0,0.0,0.0,0.0
5.902,0.0,0.0,0.0,0.0
5.904,0.0,0.0,0.0,0.0
5.906,0.0,0.0,0.0,0.0
5.908,0.0,0.0,0.0,0.0
5.91,0.0,0.0,0.0,0.0
5.912,0.0,0.0,0.0,0.0
5.914,0.0,0.0,0.0,0.0
5.916,0.0,0.0,0.0,0.0
5.918,0.0,0.0,0.0,0.0
5.92,0.0,0.0,0.0,0.0
5.922,0.0,0.0,0.0,0.0
5.924,0.0,0.0,0.0,0.0
5.926,0.0,0.0,0.0,0.0
5.928,0.0,0.0,0.0,0.0
5.93,0.0,0.0,0.0,0.0
5.932,0.0,0.0,0.0,0.0
5.934,0.0,0.0,0.0,0.0
5.936,0.0,0.0,0.0,0.0
5.938,0.0,0.0,0.0,0.0
5.94,0.0,0.0,0.0,0.0
5.942,0.0,0.0,0.0,0.0
5.944,0.0,0.0,0.0,0.0
5.946,0.0,0.0,0.0,0.0
5.948,0.0,0.0,0.0,0.0
5.95,0.0,0.0,0.0,0.0
5.952,0.0,0.0,0.0,0.0
5.954,0.0,0.0,0.0,0.0
5.956,0.0,0.0,0.0,0.0
5.958,0.0,0.0,0.0,0.0
5.96,0.0,0.0,0.0,0.0
5.962,0.0,0.0,0.0,0.0
5.964,0.0,0.0,0.0,0.0
5.966,0.0,0.0,0.0,0.0
5.968,0.0,0.0,0.0,0.0
5.97,0.0,0.0,0.0,0.0
5.972,0.0,0.0,0.0,0.0
5.974,0.0,0.0,0.0,0.0
5.976,0.0,0.0,0.0,0.0
5.978,0.0,0.0,0.0,0.0
5.98,0.0,0.0,0.0,0.0
5.982,0.0,0.0,0.0,0.0
5.984,0.0,0.0,0.0,0.0
5.986,0.0,0.0,0.0,0.0
5.988,0.0,0.0,0.0,0.0
5.99,0.0,0.0,0.0,0.0
5.992,0.0,0.0,0.0,0.0
5.994,0.0,0.0,0.0,0.0
5.996,0.0,0.0,0.0,0.0
5.998,0.0,0.0,0.0,0.0
6.0,0.0,0.0,0.0,0.0
6.002,0.0,0.0,0.0,0.0
6.004,0.0,0.0,0.0,0.0
6.006,0.0,0.0,0.0,0.0
6.008,0.0,0.0,0.0,0.0
6.01,0.0,0.0,0.0,0.0
6.012,0.0,0.0,0.0,0.0
6.014,0.0,0.0,0.0,0.0
6.016,0.0,0.0,0.0,0.0
6.018,0.0,0.0,0.0,0.0
6.02,0.0,0.0,0.0,0.0
6.022,0.0,0.0,0.0,0.0
6.024,0.0,0.0,0.0,0.0
6.026,0.0,0.0,0.0,0.0
6.028,0.0,0.0,0.0,0.0
6.03,0.0,0.0,0.0,0.0
6.032,0.0,0.0,0.0,0.0
6.034,0.0,0.0,0.0,0.0
6.036,0.0,0.0,0.0,0.0
6.038,0.0,0.0,0.0,0.0
6.04,0.0,0.0,0.0,0.0
6.042,0.0,0.0,0.0,0.0
6.044,0.0,0.0,0.0,0.0
6.046,0.0,0.0,0.0,0.0
6.048,0.0,0.0,0.0,0.0
6.05,0.0,0.0,0.0,0.0
6.052,0.0,0.0,0.0,0.0
6.054,0.0,0.0,0.0,0.0
6.056,0.0,0.0,0.0,0.0
6.058,0.0,0.0,0.0,0.0
6.06,0.0,0.0,0.0,0.0
6.062,0.0,0.0,0.0,0.0
6.064,0.0,0.0,0.0,0.0
6.066,0.0,0.0,0.0,0.0
6.068,0.0,0.0,0.0,0.0
6.07,0.0,0.0,0.0,0.0
6.072,0.0,0.0,0.0,0.0
6.074,0.0,0.0,0.0,0.0
6.076,0.0,0.0,0.0,0.0
6.078,0.0,0.0,0.0,0.0
6.08,0.0,0.0,0.0,0.0
6.082,0.0,0.0,0.0,0.0
6.084,0.0,0.0,0.0,0.0
6.086,0.0,0.0,0.0,0.0
6.088,0.0,0.0,0.0,0.0
6.09,0.0,0.0,0.0,0.0
6.092,0.0,0.0,0.0,0.0
6.094,0.0,0.0,0.0,0.0
6.096,0.0,0.0,0.0,0.0
6.098,0.0,0.0,0.0,0.0
6.1,0.0,0.0,0.0,0.0
6.102,0.0,0.0,0.0,0.0
6.104,0.0,0.0,0.0,0.0
6.106,0.0,0.0,0.0,0.0
6.108,0.0,0.0,0.0,0.0
6.11,0.0,0.0,0.0,0.0
6.112,0.0,0.0,0.0,0.0
6.114,0.0,0.0,0.0,0.0
6.116,0.0,0.0,0.0,0.0
6.118,0.0,0.0,0.0,0.0
6.12,0.0,0.0,0.0,0.0
6.122,0.0,0.0,0.0,0.0
6.124,0.0,0.0,0.0,0.0
6.126,0.0,0.0,0.0,0.0
6.128,0.0,0.0,0.0,0.0
6.13,0.0,0.0,0.0,0.0
6.132,0.0,0.0,0.0,0.0
6.134,0.0,0.0,0.0,0.0
6.136,0.0,0.0,0.0,0.0
6.138,0.0,0.0,0.0,0.0
6.14,0.0,0.0,0.0,0.0
6.142,0.0,0.0,0.0,0.0
6.144,0.0,0.0,0.0,0.0
6.146,0.0,0.0,0.0,0.0
6.148,0.0,0.0,0.0,0.0
6.15,0.0,0.0,0.0,0.0
6.152,0.0,0.0,0.0,0.0
6.154,0.0,0.0,0.0,0.0
6.156,0.0,0.0,0.0,0.0
6.158,0.0,0.0,0.0,0.0
6.16,0.0,0.0,0.0,0.0
6.162,0.0,0.0,0.0,0.0
6.164,0.0,0.0,0.0,0.0
6.166,0.0,0.0,0.0,0.0
6.168,0.0,0.0,0.0,0.0
6.17,0.0,0.0,0.0,0.0
6.172,0.0,0.0,0.0,0.0
6.174,0.0,0.0,0.0,0.0
6.176,0.0,0.0,0.0,0.0
6.178,0.0,0.0,0.0,0.0
6.18,0.0,0.0,0.0,0.0
6.182,0.0,0.0,0.0,0.0
6.184,0.0,0.0,0.0,0.0
6.186,0.0,0.0,0.0,0.0
6.188,0.0,0.0,0.0,0.0
6.19,0.0,0.0,0.0,0.0
6.192,0.0,0.0,0.0,0.0
6.194,0.0,0.0,0.0,0.0
6.196,0.0,0.0,0.0,0.0
6.198,0.0,0.0,0.0,0.0
6.2,0.0,0.0,0.0,0.0
6.202,0.0,0.0,0.0,0.0
6.204,0.0,0.0,0.0,0.0
6.206,0.0,0.0,0.0,0.0
6.208,0.0,0.0,0.0,0.0
6.21,0.0,0.0,0.0,0.0
6.212,0.0,0.0,0.0,0.0
6.214,0.0,0.0,0.0,0.0
6.216,0.0,0.0,0.0,0.0
6.218,0.0,0.0,0.0,0.0
6.22,0.0,0.0,0.0,0.0
6.222,0.0,0.0,0.0,0.0
6.224,0.0,0.0,0.0,0.0
6.226,0.0,0.0,0.0,0.0
6.228,0.0,0.0,0.0,0.0
6.23,0.0,0.0,0.0,0.0
6.232,0.0,0.0,0.0,0.0
6.234,0.0,0.0,0.0,0.0
6.236,0.0,0.0,0.0,0.0
6.238,0.0,0.0,0.0,0.0
6.24,0.0,0.0,0.0,0.0
6.242,0.0,0.0,0.0,0.0
6.244,0.0,0.0,0.0,0.0
6.246,0.0,0.0,0.0,0.0
6.248,0.0,0.0,0.0,0.0
6.25,0.0,0.0,0.0,0.0
6.252,0.0,0.0,0.0,0.0
6.254,0.0,0.0,0.0,0.0
6.256,0.0,0.0,0.0,0.0
6.258,0.0,0.0,0.0,0.0
6.26,0.0,0.0,0.0,0.0
6.262,0.0,0.0,0.0,0.0
6.264,0.0,0.0,0.0,0.0
6.266,0.0,0.0,0.0,0.0
6.268,0.0,0.0,0.0,0.0
6.27,0.0,0.0,0.0,0.0
6.272,0.0,0.0,0.0,0.0
6.274,0.0,0.0,0.0,0.0
6.276,0.0,0.0,0.0,0.0
6.278,0.0,0.0,0.0,0.0
6.28,0.0,0.0,0.0,0.0
6.282,0.0,0.0,0.0,0.0
6.284,0.0,0.0,0.0,0.0
6.286,0.0,0.0,0.0,0.0
6.288,0.0,0.0,0.0,0.0
6.29,0.0,0.0,0.0,0.0
6.292,0.0,0.0,0.0,0.0
6.294,0.0,0.0,0.0,0.0
6.296,0.0,0.0,0.0,0.0
6.298,0.0,0.0,0.0,0.0
6.3,0.0,0.0,0.0,0.0
6.302,0.0,0.0,0.0,0.0
6.304,0.0,0.0,0.0,0.0
6.306,0.0,0.0,0.0,0.0
6.308,0.0,0.0,0.0,0.0
6.31,0.0,0.0,0.0,0.0
6.312,0.0,0.0,0.0,0.0
6.314,0.0,0.0,0.0,0.0
6.316,0.0,0.0,0.0,0.0
6.318,0.0,0.0,0.0,0.0
6.32,0.0,0.0,0.0,0.0
6.322,0.0,0.0,0.0,0.0
6.324,0.0,0.0,0.0,0.0
6.326,0.0,0.0,0.0,0.0
6.328,0.0,0.0,0.0,0.0
6.33,0.0,0.0,0.0,0.0
6.332,0.0,0.0,0.0,0.0
6.334,0.0,0.0,0.0,0.0
6.336,0.0,0.0,0.0,0.0
6.338,0.0,0.0,0.0,0.0
6.34,0.0,0.0,0.0,0.0
6.342,0.0,0.0,0.0,0.0
6.344,0.0,0.0,0.0,0.0
6.346,0.0,0.0,0.0,0.0
6.348,0.0,0.0,0.0,0.0
6.35,0.0,0.0,0.0,0.0
6.352,0.0,0.0,0.0,0.0
6.354,0.0,0.0,0.0,0.0
6.356,0.0,0.0,0.0,0.0
6.358,0.0,0.0,0.0,0.0
6.36,0.0,0.0,0.0,0.0
6.362,0.0,0.0,0.0,0.0
6.364,0.0,0.0,0.0,0.0
6.366,0.0,0.0,0.0,0.0
6.368,0.0,0.0,0.0,0.0
6.37,0.0,0.0,0.0,0.0
6.372,0.0,0.0,0.0,0.0
6.374,0.0,0.0,0.0,0.0
6.376,0.0,0.0,0.0,0.0
6.378,0.0,0.0,0.0,0.0
6.38,0.0,0.0,0.0,0.0
6.382,0.0,0.0,0.0,0.0
6.384,0.0,0.0,0.0,0.0
6.386,0.0,0.0,0.0,0.0
6.388,0.0,0.0,0.0,0.0
6.39,0.0,0.0,0.0,0.0
6.392,0.0,0.0,0.0,0.0
6.394,0.0,0.0,0.0,0.0
6.396,0.0,0.0,0.0,0.0
6.398,0.0,0.0,0.0,0.0
6.4,0.0,0.0,0.0,0.0
6.402,0.0,0.0,0.0,0.0
6.404,0.0,0.0,0.0,0.0
6.406,0.0,0.0,0.0,0.0
6.408,0.0,0.0,0.0,0.0
6.41,0.0,0.0,0.0,0.0
6.412,0.0,0.0,0.0,0.0
6.414,0.0,0.0,0.0,0.0
6.416,0.0,0.0,0.0,0.0
6.418,0.0,0.0,0.0,0.0
6.42,0.0,0.0,0.0,0.0
6.422,0.0,0.0,0.0,0.0
6.424,0.0,0.0,0.0,0.0
6.426,0.0,0.0,0.0,0.0
6.428,0.0,0.0,0.0,0.0
6.43,0.0,0.0,0.0,0.0
6.432,0.0,0.0,0.0,0.0
6.434,0.0,0.0,0.0,0.0
6.436,0.0,0.0,0.0,0.0
6.438,0.0,0.0,0.0,0.0
6.44,0.0,0.0,0.0,0.0
6.442,0.0,0.0,0.0,0.0
6.444,0.0,0.0,0.0,0.0
6.446,0.0,0.0,0.0,0.0
6.448,0.0,0.0,0.0,0.0
6.45,0.0,0.0,0.0,0.0
6.452,0.0,0.0,0.0,0.0
6.454,0.0,0.0,0.0,0.0
6.456,0.0,0.0,0.0,0.0
6.458,0.0,0.0,0.0,0.0
6.46,0.0,0.0,0.0,0.0
6.462,0.0,0.0,0.0,0.0
6.464,0.0,0.0,0.0,0.0
6.466,0.0,0.0,0.0,0.0
6.468,0.0,0.0,0.0,0.0
6.47,0.0,0.0,0.0,0.0
6.472,0.0,0.0,0.0,0.0
6.474,0.0,0.0,0.0,0.0
6.476,0.0,0.0,0.0,0.0
6.478,0.0,0.0,0.0,0.0
6.48,0.0,0.0,0.0,0.0
6.482,0.0,0.0,0.0,0.0
6.484,0.0,0.0,0.0,0.0
6.486,0.0,0.0,0.0,0.0
6.488,0.0,0.0,0.0,0.0
6.49,0.0,0.0,0.0,0.0
6.492,0.0,0.0,0.0,0.0
6.494,0.0,0.0,0.0,0.0
6.496,0.0,0.0,0.0,0.0
6.498,0.0,0.0,0.0,0.0
6.5,0.0,0.0,0.0,0.0
6.502,0.0,0.0,0.0,0.0
6.504,0.0,0.0,0.0,0.0
6.506,0.0,0.0,0.0,0.0
6.508,0.0,0.0,0.0,0.0
6.51,0.0,0.0,0.0,0.0
6.512,0.0,0.0,0.0,0.0
6.514,0.0,0.0,0.0,0.0
6.516,0.0,0.0,0.0,0.0
6.518,0.0,0.0,0.0,0.0
6.52,0.0,0.0,0.0,0.0
6.522,0.0,0.0,0.0,0.0
6.524,0.0,0.0,0.0,0.0
6.526,0.0,0.0,0.0,0.0
6.528,0.0,0.0,0.0,0.0
6.53,0.0,0.0,0.0,0.0
6.532,0.0,0.0,0.0,0.0
6.534,0.0,0.0,0.0,0.0
6.536,0.0,0.0,0.0,0.0
6.538,0.0,0.0,0.0,0.0
6.54,0.0,0.0,0.0,0.0
6.542,0.0,0.0,0.0,0.0
6.544,0.0,0.0,0.0,0.0
6.546,0.0,0.0,0.0,0.0
6.548,0.0,0.0,0.0,0.0
6.55,0.0,0.0,0.0,0.0
6.552,0.0,0.0,0.0,0.0
6.554,0.0,0.0,0.0,0.0
6.556,0.0,0.0,0.0,0.0
6.558,0.0,0.0,0.0,0.0
6.56,0.0,0.0,0.0,0.0
6.562,0.0,0.0,0.0,0.0
6.564,0.0,0.0,0.0,0.0
6.566,0.0,0.0,0.0,0.0
6.568,0.0,0.0,0.0,0.0
6.57,0.0,0.0,0.0,0.0
6.572,0.0,0.0,0.0,0.0
6.574,0.0,0.0,0.0,0.0
6.576,0.0,0.0,0.0,0.0
6.578,0.0,0.0,0.0,0.0
6.58,0.0,0.0,0.0,0.0
6.582,0.0,0.0,0.0,0.0
6.584,0.0,0.0,0.0,0.0
6.586,0.0,0.0,0.0,0.0
6.588,0.0,0.0,0.0,0.0
6.59,0.0,0.0,0.0,0.0
6.592,0.0,0.0,0.0,0.0
6.594,0.0,0.0,0.0,0.0
6.596,0.0,0.0,0.0,0.0
6.598,0.0,0.0,0.0,0.0
6.6,0.0,0.0,0.0,0.0
6.602,0.0,0.0,0.0,0.0
6.604,0.0,0.0,0.0,0.0
6.606,0.0,0.0,0.0,0.0
6.608,0.0,0.0,0.0,0.0
6.61,0.0,0.0,0.0,0.0
6.612,0.0,0.0,0.0,0.0
6.614,0.0,0.0,0.0,0.0
6.616,0.0,0.0,0.0,0.0
6.618,0.0,0.0,0.0,0.0
6.62,0.0,0.0,0.0,0.0
6.622,0.0,0.0,0.0,0.0
6.624,0.0,0.0,0.0,0.0
6.626,0.0,0.0,0.0,0.0
6.628,0.0,0.0,0.0,0.0
6.63,0.0,0.0,0.0,0.0
6.632,0.0,0.0,0.0,0.0
6.634,0.0,0.0,0.0,0.0
6.636,0.0,0.0,0.0,0.0
6.638,0.0,0.0,0.0,0.0
6.64,0.0,0.0,0.0,0.0
6.642,0.0,0.0,0.0,0.0
6.644,0.0,0.0,0.0,0.0
6.646,0.0,0.0,0.0,0.0
6.648,0.0,0.0,0.0,0.0
6.65,0.0,0.0,0.0,0.0
6.652,0.0,0.0,0.0,0.0
6.654,0.0,0.0,0.0,0.0
6.656,0.0,0.0,0.0,0.0
6.658,0.0,0.0,0.0,0.0
6.66,0.0,0.0,0.0,0.0
6.662,0.0,0.0,0.0,0.0
6.664,0.0,0.0,0.0,0.0
6.666,0.0,0.0,0.0,0.0
6.668,0.0,0.0,0.0,0.0
6.67,0.0,0.0,0.0,0.0
6.672,0.0,0.0,0.0,0.0
6.674,0.0,0.0,0.0,0.0
6.676,0.0,0.0,0.0,0.0
6.678,0.0,0.0,0.0,0.0
6.68,0.0,0.0,0.0,0.0
6.682,0.0,0.0,0.0,0.0
6.684,0.0,0.0,0.0,0.0
6.686,0.0,0.0,0.0,0.0
6.688,0.0,0.0,0.0,0.0
6.69,0.0,0.0,0.0,0.0
6.692,0.0,0.0,0.0,0.0
6.694,0.0,0.0,0.0,0.0
6.696,0.0,0.0,0.0,0.0
6.698,0.0,0.0,0.0,0.0
6.7,0.0,0.0,0.0,0.0
6.702,0.0,0.0,0.0,0.0
6.704,0.0,0.0,0.0,0.0
6.706,0.0,0.0,0.0,0.0
6.708,0.0,0.0,0.0,0.0
6.71,0.0,0.0,0.0,0.0
6.712,0.0,0.0,0.0,0.0
6.714,0.0,0.0,0.0,0.0
6.716,0.0,0.0,0.0,0.0
6.718,0.0,0.0,0.0,0.0
6.72,0.0,0.0,0.0,0.0
6.722,0.0,0.0,0.0,0.0
6.724,0.0,0.0,0.0,0.0
6.726,0.0,0.0,0.0,0.0
6.728,0.0,0.0,0.0,0.0
6.73,0.0,0.0,0.0,0.0
6.732,0.0,0.0,0.0,0.0
6.734,0.0,0.0,0.0,0.0
6.736,0.0,0.0,0.0,0.0
6.738,0.0,0.0,0.0,0.0
6.74,0.0,0.0,0.0,0.0
6.742,0.0,0.0,0.0,0.0
6.744,0.0,0.0,0.0,0.0
6.746,0.0,0.0,0.0,0.0
6.748,0.0,0.0,0.0,0.0
6.75,0.0,0.0,0.0,0.0
6.752,0.0,0.0,0.0,0.0
6.754,0.0,0.0,0.0,0.0
6.756,0.0,0.0,0.0,0.0
6.758,0.0,0.0,0.0,0.0
6.76,0.0,0.0,0.0,0.0
6.762,0.0,0.0,0.0,0.0
6.764,0.0,0.0,0.0,0.0
6.766,0.0,0.0,0.0,0.0
6.768,0.0,0.0,0.0,0.0
6.77,0.0,0.0,0.0,0.0
6.772,0.0,0.0,0.0,0.0
6.774,0.0,0.0,0.0,0.0
6.776,0.0,0.0,0.0,0.0
6.778,0.0,0.0,0.0,0.0
6.78,0.0,0.0,0.0,0.0
6.782,0.0,0.0,0.0,0.0
6.784,0.0,0.0,0.0,0.0
6.786,0.0,0.0,0.0,0.0
6.788,0.0,0.0,0.0,0.0
6.79,0.0,0.0,0.0,0.0
6.792,0.0,0.0,0.0,0.0
6.794,0.0,0.0,0.0,0.0
6.796,0.0,0.0,0.0,0.0
6.798,0.0,0.0,0.0,0.0
6.8,0.0,0.0,0.0,0.0
6.802,0.0,0.0,0.0,0.0
6.804,0.0,0.0,0.0,0.0
6.806,0.0,0.0,0.0,0.0
6.808,0.0,0.0,0.0,0.0
6.81,0.0,0.0,0.0,0.0
6.812,0.0,0.0,0.0,0.0
6.814,0.0,0.0,0.0,0.0
6.816,0.0,0.0,0.0,0.0
6.818,0.0,0.0,0.0,0.0
6.82,0.0,0.0,0.0,0.0
6.822,0.0,0.0,0.0,0.0
6.824,0.0,0.0,0.0,0.0
6.826,0.0,0.0,0.0,0.0
6.828,0.0,0.0,0.0,0.0
6.83,0.0,0.0,0.0,0.0
6.832,0.0,0.0,0.0,0.0
6.834,0.0,0.0,0.0,0.0
6.836,0.0,0.0,0.0,0.0
6.838,0.0,0.0,0.0,0.0
6.84,0.0,0.0,0.0,0.0
6.842,0.0,0.0,0.0,0.0
6.844,0.0,0.0,0.0,0.0
6.846,0.0,0.0,0.0,0.0
6.848,0.0,0.0,0.0,0.0
6.85,0.0,0.0,0.0,0.0
6.852,0.0,0.0,0.0,0.0
6.854,0.0,0.0,0.0,0.0
6.856,0.0,0.0,0.0,0.0
6.858,0.0,0.0,0.0,0.0
6.86,0.0,0.0,0.0,0.0
6.862,0.0,0.0,0.0,0.0
6.864,0.0,0.0,0.0,0.0
6.866,0.0,0.0,0.0,0.0
6.868,0.0,0.0,0.0,0.0
6.87,0.0,0.0,0.0,0.0
6.872,0.0,0.0,0.0,0.0
6.874,0.0,0.0,0.0,0.0
6.876,0.0,0.0,0.0,0.0
6.878,0.0,0.0,0.0,0.0
6.88,0.0,0.0,0.0,0.0
6.882,0.0,0.0,0.0,0.0
6.884,0.0,0.0,0.0,0.0
6.886,0.0,0.0,0.0,0.0
6.888,0.0,0.0,0.0,0.0
6.89,0.0,0.0,0.0,0.0
6.892,0.0,0.0,0.0,0.0
6.894,0.0,0.0,0.0,0.0
6.896,0.0,0.0,0.0,0.0
6.898,0.0,0.0,0.0,0.0
6.9,0.0,0.0,0.0,0.0
6.902,0.0,0.0,0.0,0.0
6.904,0.0,0.0,0.0,0.0
6.906,0.0,0.0,0.0,0.0
6.908,0.0,0.0,0.0,0.0
6.91,0.0,0.0,0.0,0.0
6.912,0.0,0.0,0.0,0.0
6.914,0.0,0.0,0.0,0.0
6.916,0.0,0.0,0.0,0.0
6.918,0.0,0.0,0.0,0.0
6.92,0.0,0.0,0.0,0.0
6.922,0.0,0.0,0.0,0.0
6.924,0.0,0.0,0.0,0.0
6.926,0.0,0.0,0.0,0.0
6.928,0.0,0.0,0.0,0.0
6.93,0.0,0.0,0.0,0.0
6.932,0.0,0.0,0.0,0.0
6.934,0.0,0.0,0.0,0.0
6.936,0.0,0.0,0.0,0.0
6.938,0.0,0.0,0.0,0.0
6.94,0.0,0.0,0.0,0.0
6.942,0.0,0.0,0.0,0.0
6.944,0.0,0.0,0.0,0.0
6.946,0.0,0.0,0.0,0.0
6.948,0.0,0.0,0.0,0.0
6.95,0.0,0.0,0.0,0.0
6.952,0.0,0.0,0.0,0.0
6.954,0.0,0.0,0.0,0.0
6.956,0.0,0.0,0.0,0.0
6.958,0.0,0.0,0.0,0.0
6.96,0.0,0.0,0.0,0.0
6.962,0.0,0.0,0.0,0.0
6.964,0.0,0.0,0.0,0.0
6.966,0.0,0.0,0.0,0.0
6.968,0.0,0.0,0.0,0.0
6.97,0.0,0.0,0.0,0.0
6.972,0.0,0.0,0.0,0.0
6.974,0.0,0.0,0.0,0.0
6.976,0.0,0.0,0.0,0.0
6.978,0.0,0.0,0.0,0.0
6.98,0.0,0.0,0.0,0.0
6.982,0.0,0.0,0.0,0.0
6.984,0.0,0.0,0.0,0.0
6.986,0.0,0.0,0.0,0.0
6.988,0.0,0.0,0.0,0.0
6.99,0.0,0.0,0.0,0.0
6.992,0.0,0.0,0.0,0.0
6.994,0.0,0.0,0.0,0.0
6.996,0.0,0.0,0.0,0.0
6.998,0.0,0.0,0.0,0.0
7.0,0.0,0.0,0.0,0.0
7.002,0.0,0.0,0.0,0.0
7.004,0.0,0.0,0.0,0.0
7.006,0.0,0.0,0.0,0.0
7.008,0.0,0.0,0.0,0.0
7.01,0.0,0.0,0.0,0.0
7.012,0.0,0.0,0.0,0.0
7.014,0.0,0.0,0.0,0.0
7.016,0.0,0.0,0.0,0.0
7.018,0.0,0.0,0.0,0.0
7.02,0.0,0.0,0.0,0.0
7.022,0.0,0.0,0.0,0.0
7.024,0.0,0.0,0.0,0.0
7.026,0.0,0.0,0.0,0.0
7.028,0.0,0.0,0.0,0.0
7.03,0.0,0.0,0.0,0.0
7.032,0.0,0.0,0.0,0.0
7.034,0.0,0.0,0.0,0.0
7.036,0.0,0.0,0.0,0.0
7.038,0.0,0.0,0.0,0.0
7.04,0.0,0.0,0.0,0.0
7.042,0.0,0.0,0.0,0.0
7.044,0.0,0.0,0.0,0.0
7.046,0.0,0.0,0.0,0.0
7.048,0.0,0.0,0.0,0.0
7.05,0.0,0.0,0.0,0.0
7.052,0.0,0.0,0.0,0.0
7.054,0.0,0.0,0.0,0.0
7.056,0.0,0.0,0.0,0.0
7.058,0.0,0.0,0.0,0.0
7.06,0.0,0.0,0.0,0.0
7.062,0.0,0.0,0.0,0.0
7.064,0.0,0.0,0.0,0.0
7.066,0.0,0.0,0.0,0.0
7.068,0.0,0.0,0.0,0.0
7.07,0.0,0.0,0.0,0.0
7.072,0.0,0.0,0.0,0.0
7.074,0.0,0.0,0.0,0.0
7.076,0.0,0.0,0.0,0.0
7.078,0.0,0.0,0.0,0.0
7.08,0.0,0.0,0.0,0.0
7.082,0.0,0.0,0.0,0.0
7.084,0.0,0.0,0.0,0.0
7.086,0.0,0.0,0.0,0.0
7.088,0.0,0.0,0.0,0.0
7.09,0.0,0.0,0.0,0.0
7.092,0.0,0.0,0.0,0.0
7.094,0.0,0.0,0.0,0.0
7.096,0.0,0.0,0.0,0.0
7.098,0.0,0.0,0.0,0.0
7.1,0.0,0.0,0.0,0.0
7.102,0.0,0.0,0.0,0.0
7.104,0.0,0.0,0.0,0.0
7.106,0.0,0.0,0.0,0.0
7.108,0.0,0.0,0.0,0.0
7.11,0.0,0.0,0.0,0.0
7.112,0.0,0.0,0.0,0.0
7.114,0.0,0.0,0.0,0.0
7.116,0.0,0.0,0.0,0.0
7.118,0.0,0.0,0.0,0.0
7.12,0.0,0.0,0.0,0.0
7.122,0.0,0.0,0.0,0.0
7.124,0.0,0.0,0.0,0.0
7.126,0.0,0.0,0.0,0.0
7.128,0.0,0.0,0.0,0.0
7.13,0.0,0.0,0.0,0.0
7.132,0.0,0.0,0.0,0.0
7.134,0.0,0.0,0.0,0.0
7.136,0.0,0.0,0.0,0.0
7.138,0.0,0.0,0.0,0.0
7.14,0.0,0.0,0.0,0.0
7.142,0.0,0.0,0.0,0.0
7.144,0.0,0.0,0.0,0.0
7.146,0.0,0.0,0.0,0.0
7.148,0.0,0.0,0.0,0.0
7.15,0.0,0.0,0.0,0.0
7.152,0.0,0.0,0.0,0.0
7.154,0.0,0.0,0.0,0.0
7.156,0.0,0.0,0.0,0.0
7.158,0.0,0.0,0.0,0.0
7.16,0.0,0.0,0.0,0.0
7.162,0.0,0.0,0.0,0.0
7.164,0.0,0.0,0.0,0.0
7.166,0.0,0.0,0.0,0.0
7.168,0.0,0.0,0.0,0.0
7.17,0.0,0.0,0.0,0.0
7.172,0.0,0.0,0.0,0.0
7.174,0.0,0.0,0.0,0.0
7.176,0.0,0.0,0.0,0.0
7.178,0.0,0.0,0.0,0.0
7.18,0.0,0.0,0.0,0.0
7.182,0.0,0.0,0.0,0.0
7.184,0.0,0.0,0.0,0.0
7.186,0.0,0.0,0.0,0.0
7.188,0.0,0.0,0.0,0.0
7.19,0.0,0.0,0.0,0.0
7.192,0.0,0.0,0.0,0.0
7.194,0.0,0.0,0.0,0.0
7.196,0.0,0.0,0.0,0.0
7.198,0.0,0.0,0.0,0.0
7.2,0.0,0.0,0.0,0.0
7.202,0.0,0.0,0.0,0.0
7.204,0.0,0.0,0.0,0.0
7.206,0.0,0.0,0.0,0.0
7.208,0.0,0.0,0.0,0.0
7.21,0.0,0.0,0.0,0.0
7.212,0.0,0.0,0.0,0.0
7.214,0.0,0.0,0.0,0.0
7.216,0.0,0.0,0.0,0.0
7.218,0.0,0.0,0.0,0.0
7.22,0.0,0.0,0.0,0.0
7.222,0.0,0.0,0.0,0.0
7.224,0.0,0.0,0.0,0.0
7.226,0.0,0.0,0.0,0.0
7.228,0.0,0.0,0.0,0.0
7.23,0.0,0.0,0.0,0.0
7.232,0.0,0.0,0.0,0.0
7.234,0.0,0.0,0.0,0.0
7.236,0.0,0.0,0.0,0.0
7.238,0.0,0.0,0.0,0.0
7.24,0.0,0.0,0.0,0.0
7.242,0.0,0.0,0.0,0.0
7.244,0.0,0.0,0.0,0.0
7.246,0.0,0.0,0.0,0.0
7.248,0.0,0.0,0.0,0.0
7.25,0.0,0.0,0.0,0.0
7.252,0.0,0.0,0.0,0.0
7.254,0.0,0.0,0.0,0.0
7.256,0.0,0.0,0.0,0.0
7.258,0.0,0.0,0.0,0.0
7.26,0.0,0.0,0.0,0.0
7.262,0.0,0.0,0.0,0.0
7.264,0.0,0.0,0.0,0.0
7.266,0.0,0.0,0.0,0.0
7.268,0.0,0.0,0.0,0.0
7.27,0.0,0.0,0.0,0.0
7.272,0.0,0.0,0.0,0.0
7.274,0.0,0.0,0.0,0.0
7.276,0.0,0.0,0.0,0.0
7.278,0.0,0.0,0.0,0.0
7.28,0.0,0.0,0.0,0.0
7.282,0.0,0.0,0.0,0.0
7.284,0.0,0.0,0.0,0.0
7.286,0.0,0.0,0.0,0.0
7.288,0.0,0.0,0.0,0.0
7.29,0.0,0.0,0.0,0.0
7.292,0.0,0.0,0.0,0.0
7.294,0.0,0.0,0.0,0.0
7.296,0.0,0.0,0.0,0.0
7.298,0.0,0.0,0.0,0.0
7.3,0.0,0.0,0.0,0.0
7.302,0.0,0.0,0.0,0.0
7.304,0.0,0.0,0.0,0.0
7.306,0.0,0.0,0.0,0.0
7.308,0.0,0.0,0.0,0.0
7.31,0.0,0.0,0.0,0.0
7.312,0.0,0.0,0.0,0.0
7.314,0.0,0.0,0.0,0.0
7.316,0.0,0.0,0.0,0.0
7.318,0.0,0.0,0.0,0.0
7.32,0.0,0.0,0.0,0.0
7.322,0.0,0.0,0.0,0.0
7.324,0.0,0.0,0.0,0.0
7.326,0.0,0.0,0.0,0.0
7.328,0.0,0.0,0.0,0.0
7.33,0.0,0.0,0.0,0.0
7.332,0.0,0.0,0.0,0.0
7.334,0.0,0.0,0.0,0.0
7.336,0.0,0.0,0.0,0.0
7.338,0.0,0.0,0.0,0.0
7.34,0.0,0.0,0.0,0.0
7.342,0.0,0.0,0.0,0.0
7.344,0.0,0.0,0.0,0.0
7.346,0.0,0.0,0.0,0.0
7.348,0.0,0.0,0.0,0.0
7.35,0.0,0.0,0.0,0.0
7.352,0.0,0.0,0.0,0.0
7.354,0.0,0.0,0.0,0.0
7.356,0.0,0.0,0.0,0.0
7.358,0.0,0.0,0.0,0.0
7.36,0.0,0.0,0.0,0.0
7.362,0.0,0.0,0.0,0.0
7.364,0.0,0.0,0.0,0.0
7.366,0.0,0.0,0.0,0.0
7.368,0.0,0.0,0.0,0.0
7.37,0.0,0.0,0.0,0.0
7.372,0.0,0.0,0.0,0.0
7.374,0.0,0.0,0.0,0.0
7.376,0.0,0.0,0.0,0.0
7.378,0.0,0.0,0.0,0.0
7.38,0.0,0.0,0.0,0.0
7.382,0.0,0.0,0.0,0.0
7.384,0.0,0.0,0.0,0.0
7.386,0.0,0.0,0.0,0.0
7.388,0.0,0.0,0.0,0.0
7.39,0.0,0.0,0.0,0.0
7.392,0.0,0.0,0.0,0.0
7.394,0.0,0.0,0.0,0.0
7.396,0.0,0.0,0.0,0.0
7.398,0.0,0.0,0.0,0.0
7.4,0.0,0.0,0.0,0.0
7.402,0.0,0.0,0.0,0.0
7.404,0.0,0.0,0.0,0.0
7.406,0.0,0.0,0.0,0.0
7.408,0.0,0.0,0.0,0.0
7.41,0.0,0.0,0.0,0.0
7.412,0.0,0.0,0.0,0.0
7.414,0.0,0.0,0.0,0.0
7.416,0.0,0.0,0.0,0.0
7.418,0.0,0.0,0.0,0.0
7.42,0.0,0.0,0.0,0.0
7.422,0.0,0.0,0.0,0.0
7.424,0.0,0.0,0.0,0.0
7.426,0.0,0.0,0.0,0.0
7.428,0.0,0.0,0.0,0.0
7.43,0.0,0.0,0.0,0.0
7.432,0.0,0.0,0.0,0.0
7.434,0.0,0.0,0.0,0.0
7.436,0.0,0.0,0.0,0.0
7.438,0.0,0.0,0.0,0.0
7.44,0.0,0.0,0.0,0.0
7.442,0.0,0.0,0.0,0.0
7.444,0.0,0.0,0.0,0.0
7.446,0.0,0.0,0.0,0.0
7.448,0.0,0.0,0.0,0.0
7.45,0.0,0.0,0.0,0.0
7.452,0.0,0.0,0.0,0.0
7.454,0.0,0.0,0.0,0.0
7.456,0.0,0.0,0.0,0.0
7.458,0.0,0.0,0.0,0.0
7.46,0.0,0.0,0.0,0.0
7.462,0.0,0.0,0.0,0.0
7.464,0.0,0.0,0.0,0.0
7.466,0.0,0.0,0.0,0.0
7.468,0.0,0.0,0.0,0.0
7.47,0.0,0.0,0.0,0.0
7.472,0.0,0.0,0.0,0.0
7.474,0.0,0.0,0.0,0.0
7.476,0.0,0.0,0.0,0.0
7.478,0.0,0.0,0.0,0.0
7.48,0.0,0.0,0.0,0.0
7.482,0.0,0.0,0.0,0.0
7.484,0.0,0.0,0.0,0.0
7.486,0.0,0.0,0.0,0.0
7.488,0.0,0.0,0.0,0.0
7.49,0.0,0.0,0.0,0.0
7.492,0.0,0.0,0.0,0.0
7.494,0.0,0.0,0.0,0.0
7.496,0.0,0.0,0.0,0.0
7.498,0.0,0.0,0.0,0.0
7.5,0.0,0.0,0.0,0.0
7.502,0.0,0.0,0.0,0.0
7.504,0.0,0.0,0.0,0.0
7.506,0.0,0.0,0.0,0.0
7.508,0.0,0.0,0.0,0.0
7.51,0.0,0.0,0.0,0.0
7.512,0.0,0.0,0.0,0.0
7.514,0.0,0.0,0.0,0.0
7.516,0.0,0.0,0.0,0.0
7.518,0.0,0.0,0.0,0.0
7.52,0.0,0.0,0.0,0.0
7.522,0.0,0.0,0.0,0.0
7.524,0.0,0.0,0.0,0.0
7.526,0.0,0.0,0.0,0.0
7.528,0.0,0.0,0.0,0.0
7.53,0.0,0.0,0.0,0.0
7.532,0.0,0.0,0.0,0.0
7.534,0.0,0.0,0.0,0.0
7.536,0.0,0.0,0.0,0.0
7.538,0.0,0.0,0.0,0.0
7.54,0.0,0.0,0.0,0.0
7.542,0.0,0.0,0.0,0.0
7.544,0.0,0.0,0.0,0.0
7.546,0.0,0.0,0.0,0.0
7.548,0.0,0.0,0.0,0.0
7.55,0.0,0.0,0.0,0.0
7.552,0.0,0.0,0.0,0.0
7.554,0.0,0.0,0.0,0.0
7.556,0.0,0.0,0.0,0.0
7.558,0.0,0.0,0.0,0.0
7.56,0.0,0.0,0.0,0.0
7.562,0.0,0.0,0.0,0.0
7.564,0.0,0.0,0.0,0.0
7.566,0.0,0.0,0.0,0.0
7.568,0.0,0.0,0.0,0.0
7.57,0.0,0.0,0.0,0.0
7.572,0.0,0.0,0.0,0.0
7.574,0.0,0.0,0.0,0.0
7.576,0.0,0.0,0.0,0.0
7.578,0.0,0.0,0.0,0.0
7.58,0.0,0.0,0.0,0.0
7.582,0.0,0.0,0.0,0.0
7.584,0.0,0.0,0.0,0.0
7.586,0.0,0.0,0.0,0.0
7.588,0.0,0.0,0.0,0.0
7.59,0.0,0.0,0.0,0.0
7.592,0.0,0.0,0.0,0.0
7.594,0.0,0.0,0.0,0.0
7.596,0.0,0.0,0.0,0.0
7.598,0.0,0.0,0.0,0.0
7.6,0.0,0.0,0.0,0.0
7.602,0.0,0.0,0.0,0.0
7.604,0.0,0.0,0.0,0.0
7.606,0.0,0.0,0.0,0.0
7.608,0.0,0.0,0.0,0.0
7.61,0.0,0.0,0.0,0.0
7.612,0.0,0.0,0.0,0.0
7.614,0.0,0.0,0.0,0.0
7.616,0.0,0.0,0.0,0.0
7.618,0.0,0.0,0.0,0.0
7.62,0.0,0.0,0.0,0.0
7.622,0.0,0.0,0.0,0.0
7.624,0.0,0.0,0.0,0.0
7.626,0.0,0.0,0.0,0.0
7.628,0.0,0.0,0.0,0.0
7.63,0.0,0.0,0.0,0.0
7.632,0.0,0.0,0.0,0.0
7.634,0.0,0.0,0.0,0.0
7.636,0.0,0.0,0.0,0.0
7.638,0.0,0.0,0.0,0.0
7.64,0.0,0.0,0.0,0.0
7.642,0.0,0.0,0.0,0.0
7.644,0.0,0.0,0.0,0.0
7.646,0.0,0.0,0.0,0.0
7.648,0.0,0.0,0.0,0.0
7.65,0.0,0.0,0.0,0.0
7.652,0.0,0.0,0.0,0.0
7.654,0.0,0.0,0.0,0.0
7.656,0.0,0.0,0.0,0.0
7.658,0.0,0.0,0.0,0.0
7.66,0.0,0.0,0.0,0.0
7.662,0.0,0.0,0.0,0.0
7.664,0.0,0.0,0.0,0.0
7.666,0.0,0.0,0.0,0.0
7.668,0.0,0.0,0.0,0.0
7.67,0.0,0.0,0.0,0.0
7.672,0.0,0.0,0.0,0.0
7.674,0.0,0.0,0.0,0.0
7.676,0.0,0.0,0.0,0.0
7.678,0.0,0.0,0.0,0.0
7.68,0.0,0.0,0.0,0.0
7.682,0.0,0.0,0.0,0.0
7.684,0.0,0.0,0.0,0.0
7.686,0.0,0.0,0.0,0.0
7.688,0.0,0.0,0.0,0.0
7.69,0.0,0.0,0.0,0.0
7.692,0.0,0.0,0.0,0.0
7.694,0.0,0.0,0.0,0.0
7.696,0.0,0.0,0.0,0.0
7.698,0.0,0.0,0.0,0.0
7.7,0.0,0.0,0.0,0.0
7.702,0.0,0.0,0.0,0.0
7.704,0.0,0.0,0.0,0.0
7.706,0.0,0.0,0.0,0.0
7.708,0.0,0.0,0.0,0.0
7.71,0.0,0.0,0.0,0.0
7.712,0.0,0.0,0.0,0.0
7.714,0.0,0.0,0.0,0.0
7.716,0.0,0.0,0.0,0.0
7.718,0.0,0.0,0.0,0.0
7.72,0.0,0.0,0.0,0.0
7.722,0.0,0.0,0.0,0.0
7.724,0.0,0.0,0.0,0.0
7.726,0.0,0.0,0.0,0.0
7.728,0.0,0.0,0.0,0.0
7.73,0.0,0.0,0.0,0.0
7.732,0.0,0.0,0.0,0.0
7.734,0.0,0.0,0.0,0.0
7.736,0.0,0.0,0.0,0.0
7.738,0.0,0.0,0.0,0.0
7.74,0.0,0.0,0.0,0.0
7.742,0.0,0.0,0.0,0.0
7.744,0.0,0.0,0.0,0.0
7.746,0.0,0.0,0.0,0.0
7.748,0.0,0.0,0.0,0.0
7.75,0.0,0.0,0.0,0.0
7.752,0.0,0.0,0.0,0.0
7.754,0.0,0.0,0.0,0.0
7.756,0.0,0.0,0.0,0.0
7.758,0.0,0.0,0.0,0.0
7.76,0.0,0.0,0.0,0.0
7.762,0.0,0.0,0.0,0.0
7.764,0.0,0.0,0.0,0.0
7.766,0.0,0.0,0.0,0.0
7.768,0.0,0.0,0.0,0.0
7.77,0.0,0.0,0.0,0.0
7.772,0.0,0.0,0.0,0.0
7.774,0.0,0.0,0.0,0.0
7.776,0.0,0.0,0.0,0.0
7.778,0.0,0.0,0.0,0.0
7.78,0.0,0.0,0.0,0.0
7.782,0.0,0.0,0.0,0.0
7.784,0.0,0.0,0.0,0.0
7.786,0.0,0.0,0.0,0.0
7.788,0.0,0.0,0.0,0.0
7.79,0.0,0.0,0.0,0.0
7.792,0.0,0.0,0.0,0.0
7.794,0.0,0.0,0.0,0.0
7.796,0.0,0.0,0.0,0.0
7.798,0.0,0.0,0.0,0.0
7.8,0.0,0.0,0.0,0.0
7.802,0.0,0.0,0.0,0.0
7.804,0.0,0.0,0.0,0.0
7.806,0.0,0.0,0.0,0.0
7.808,0.0,0.0,0.0,0.0
7.81,0.0,0.0,0.0,0.0
7.812,0.0,0.0,0.0,0.0
7.814,0.0,0.0,0.0,0.0
7.816,0.0,0.0,0.0,0.0
7.818,0.0,0.0,0.0,0.0
7.82,0.0,0.0,0.0,0.0
7.822,0.0,0.0,0.0,0.0
7.824,0.0,0.0,0.0,0.0
7.826,0.0,0.0,0.0,0.0
7.828,0.0,0.0,0.0,0.0
7.83,0.0,0.0,0.0,0.0
7.832,0.0,0.0,0.0,0.0
7.834,0.0,0.0,0.0,0.0
7.836,0.0,0.0,0.0,0.0
7.838,0.0,0.0,0.0,0.0
7.84,0.0,0.0,0.0,0.0
7.842,0.0,0.0,0.0,0.0
7.844,0.0,0.0,0.0,0.0
7.846,0.0,0.0,0.0,0.0
7.848,0.0,0.0,0.0,0.0
7.85,0.0,0.0,0.0,0.0
7.852,0.0,0.0,0.0,0.0
7.854,0.0,0.0,0.0,0.0
7.856,0.0,0.0,0.0,0.0
7.858,0.0,0.0,0.0,0.0
7.86,0.0,0.0,0.0,0.0
7.862,0.0,0.0,0.0,0.0
7.864,0.0,0.0,0.0,0.0
7.866,0.0,0.0,0.0,0.0
7.868,0.0,0.0,0.0,0.0
7.87,0.0,0.0,0.0,0.0
7.872,0.0,0.0,0.0,0.0
7.874,0.0,0.0,0.0,0.0
7.876,0.0,0.0,0.0,0.0
7.878,0.0,0.0,0.0,0.0
7.88,0.0,0.0,0.0,0.0
7.882,0.0,0.0,0.0,0.0
7.884,0.0,0.0,0.0,0.0
7.886,0.0,0.0,0.0,0.0
7.888,0.0,0.0,0.0,0.0
7.89,0.0,0.0,0.0,0.0
7.892,0.0,0.0,0.0,0.0
7.894,0.0,0.0,0.0,0.0
7.896,0.0,0.0,0.0,0.0
7.898,0.0,0.0,0.0,0.0
7.9,0.0,0.0,0.0,0.0
7.902,0.0,0.0,0.0,0.0
7.904,0.0,0.0,0.0,0.0
7.906,0.0,0.0,0.0,0.0
7.908,0.0,0.0,0.0,0.0
7.91,0.0,0.0,0.0,0.0
7.912,0.0,0.0,0.0,0.0
7.914,0.0,0.0,0.0,0.0
7.916,0.0,0.0,0.0,0.0
7.918,0.0,0.0,0.0,0.0
7.92,0.0,0.0,0.0,0.0
7.922,0.0,0.0,0.0,0.0
7.924,0.0,0.0,0.0,0.0
7.926,0.0,0.0,0.0,0.0
7.928,0.0,0.0,0.0,0.0
7.93,0.0,0.0,0.0,0.0
7.932,0.0,0.0,0.0,0.0
7.934,0.0,0.0,0.0,0.0
7.936,0.0,0.0,0.0,0.0
7.938,0.0,0.0,0.0,0.0
7.94,0.0,0.0,0.0,0.0
7.942,0.0,0.0,0.0,0.0
7.944,0.0,0.0,0.0,0.0
7.946,0.0,0.0,0.0,0.0
7.948,0.0,0.0,0.0,0.0
7.95,0.0,0.0,0.0,0.0
7.952,0.0,0.0,0.0,0.0
7.954,0.0,0.0,0.0,0.0
7.956,0.0,0.0,0.0,0.0
7.958,0.0,0.0,0.0,0.0
7.96,0.0,0.0,0.0,0.0
7.962,0.0,0.0,0.0,0.0
7.964,0.0,0.0,0.0,0.0
7.966,0.0,0.0,0.0,0.0
7.968,0.0,0.0,0.0,0.0
7.97,0.0,0.0,0.0,0.0
7.972,0.0,0.0,0.0,0.0
7.974,0.0,0.0,0.0,0.0
7.976,0.0,0.0,0.0,0.0
7.978,0.0,0.0,0.0,0.0
7.98,0.0,0.0,0.0,0.0
7.982,0.0,0.0,0.0,0.0
7.984,0.0,0.0,0.0,0.0
7.986,0.0,0.0,0.0,0.0
7.988,0.0,0.0,0.0,0.0
7.99,0.0,0.0,0.0,0.0
7.992,0.0,0.0,0.0,0.0
7.994,0.0,0.0,0.0,0.0
7.996,0.0,0.0,0.0,0.0
7.998,0.0,0.0,0.0,0.0
8.0,0.0,0.0,0.0,0.0
8.002,0.0,0.0,0.0,0.0
8.004,0.0,0.0,0.0,0.0
8.006,0.0,0.0,0.0,0.0
8.008,0.0,0.0,0.0,0.0
8.01,0.0,0.0,0.0,0.0
8.012,0.0,0.0,0.0,0.0
8.014,0.0,0.0,0.0,0.0
8.016,0.0,0.0,0.0,0.0
8.018,0.0,0.0,0.0,0.0
8.02,0.0,0.0,0.0,0.0
8.022,0.0,0.0,0.0,0.0
8.024,0.0,0.0,0.0,0.0
8.026,0.0,0.0,0.0,0.0
8.028,0.0,0.0,0.0,0.0
8.03,0.0,0.0,0.0,0.0
8.032,0.0,0.0,0.0,0.0
8.034,0.0,0.0,0.0,0.0
8.036,0.0,0.0,0.0,0.0
8.038,0.0,0.0,0.0,0.0
8.04,0.0,0.0,0.0,0.0
8.042,0.0,0.0,0.0,0.0
8.044,0.0,0.0,0.0,0.0
8.046,0.0,0.0,0.0,0.0
8.048,0.0,0.0,0.0,0.0
8.05,0.0,0.0,0.0,0.0
8.052,0.0,0.0,0.0,0.0
8.054,0.0,0.0,0.0,0.0
8.056,0.0,0.0,0.0,0.0
8.058,0.0,0.0,0.0,0.0
8.06,0.0,0.0,0.0,0.0
8.062,0.0,0.0,0.0,0.0
8.064,0.0,0.0,0.0,0.0
8.066,0.0,0.0,0.0,0.0
8.068,0.0,0.0,0.0,0.0
8.07,0.0,0.0,0.0,0.0
8.072,0.0,0.0,0.0,0.0
8.074,0.0,0.0,0.0,0.0
8.076,0.0,0.0,0.0,0.0
8.078,0.0,0.0,0.0,0.0
8.08,0.0,0.0,0.0,0.0
8.082,0.0,0.0,0.0,0.0
8.084,0.0,0.0,0.0,0.0
8.086,0.0,0.0,0.0,0.0
8.088,0.0,0.0,0.0,0.0
8.09,0.0,0.0,0.0,0.0
8.092,0.0,0.0,0.0,0.0
8.094,0.0,0.0,0.0,0.0
8.096,0.0,0.0,0.0,0.0
8.098,0.0,0.0,0.0,0.0
8.1,0.0,0.0,0.0,0.0
8.102,0.0,0.0,0.0,0.0
8.104,0.0,0.0,0.0,0.0
8.106,0.0,0.0,0.0,0.0
8.108,0.0,0.0,0.0,0.0
8.11,0.0,0.0,0.0,0.0
8.112,0.0,0.0,0.0,0.0
8.114,0.0,0.0,0.0,0.0
8.116,0.0,0.0,0.0,0.0
8.118,0.0,0.0,0.0,0.0
8.12,0.0,0.0,0.0,0.0
8.122,0.0,0.0,0.0,0.0
8.124,0.0,0.0,0.0,0.0
8.126,0.0,0.0,0.0,0.0
8.128,0.0,0.0,0.0,0.0
8.13,0.0,0.0,0.0,0.0
8.132,0.0,0.0,0.0,0.0
8.134,0.0,0.0,0.0,0.0
8.136,0.0,0.0,0.0,0.0
8.138,0.0,0.0,0.0,0.0
8.14,0.0,0.0,0.0,0.0
8.142,0.0,0.0,0.0,0.0
8.144,0.0,0.0,0.0,0.0
8.146,0.0,0.0,0.0,0.0
8.148,0.0,0.0,0.0,0.0
8.15,0.0,0.0,0.0,0.0
8.152,0.0,0.0,0.0,0.0
8.154,0.0,0.0,0.0,0.0
8.156,0.0,0.0,0.0,0.0
8.158,0.0,0.0,0.0,0.0
8.16,0.0,0.0,0.0,0.0
8.162,0.0,0.0,0.0,0.0
8.164,0.0,0.0,0.0,0.0
8.166,0.0,0.0,0.0,0.0
8.168,0.0,0.0,0.0,0.0
8.17,0.0,0.0,0.0,0.0
8.172,0.0,0.0,0.0,0.0
8.174,0.0,0.0,0.0,0.0
8.176,0.0,0.0,0.0,0.0
8.178,0.0,0.0,0.0,0.0
8.18,0.0,0.0,0.0,0.0
8.182,0.0,0.0,0.0,0.0
8.184,0.0,0.0,0.0,0.0
8.186,0.0,0.0,0.0,0.0
8.188,0.0,0.0,0.0,0.0
8.19,0.0,0.0,0.0,0.0
8.192,0.0,0.0,0.0,0.0
8.194,0.0,0.0,0.0,0.0
8.196,0.0,0.0,0.0,0.0
8.198,0.0,0.0,0.0,0.0
8.2,0.0,0.0,0.0,0.0
8.202,0.0,0.0,0.0,0.0
8.204,0.0,0.0,0.0,0.0
8.206,0.0,0.0,0.0,0.0
8.208,0.0,0.0,0.0,0.0
8.21,0.0,0.0,0.0,0.0
8.212,0.0,0.0,0.0,0.0
8.214,0.0,0.0,0.0,0.0
8.216,0.0,0.0,0.0,0.0
8.218,0.0,0.0,0.0,0.0
8.22,0.0,0.0,0.0,0.0
8.222,0.0,0.0,0.0,0.0
8.224,0.0,0.0,0.0,0.0
8.226,0.0,0.0,0.0,0.0
8.228,0.0,0.0,0.0,0.0
8.23,0.0,0.0,0.0,0.0
8.232,0.0,0.0,0.0,0.0
8.234,0.0,0.0,0.0,0.0
8.236,0.0,0.0,0.0,0.0
8.238,0.0,0.0,0.0,0.0
8.24,0.0,0.0,0.0,0.0
8.242,0.0,0.0,0.0,0.0
8.244,0.0,0.0,0.0,0.0
8.246,0.0,0.0,0.0,0.0
8.248,0.0,0.0,0.0,0.0
8.25,0.0,0.0,0.0,0.0
8.252,0.0,0.0,0.0,0.0
8.254,0.0,0.0,0.0,0.0
8.256,0.0,0.0,0.0,0.0
8.258,0.0,0.0,0.0,0.0
8.26,0.0,0.0,0.0,0.0
8.262,0.0,0.0,0.0,0.0
8.264,0.0,0.0,0.0,0.0
8.266,0.0,0.0,0.0,0.0
8.268,0.0,0.0,0.0,0.0
8.27,0.0,0.0,0.0,0.0
8.272,0.0,0.0,0.0,0.0
8.274,0.0,0.0,0.0,0.0
8.276,0.0,0.0,0.0,0.0
8.278,0.0,0.0,0.0,0.0
8.28,0.0,0.0,0.0,0.0
8.282,0.0,0.0,0.0,0.0
8.284,0.0,0.0,0.0,0.0
8.286,0.0,0.0,0.0,0.0
8.288,0.0,0.0,0.0,0.0
8.29,0.0,0.0,0.0,0.0
8.292,0.0,0.0,0.0,0.0
8.294,0.0,0.0,0.0,0.0
8.296,0.0,0.0,0.0,0.0
8.298,0.0,0.0,0.0,0.0
8.3,0.0,0.0,0.0,0.0
8.302,0.0,0.0,0.0,0.0
8.304,0.0,0.0,0.0,0.0
8.306,0.0,0.0,0.0,0.0
8.308,0.0,0.0,0.0,0.0
8.31,0.0,0.0,0.0,0.0
8.312,0.0,0.0,0.0,0.0
8.314,0.0,0.0,0.0,0.0
8.316,0.0,0.0,0.0,0.0
8.318,0.0,0.0,0.0,0.0
8.32,0.0,0.0,0.0,0.0
8.322,0.0,0.0,0.0,0.0
8.324,0.0,0.0,0.0,0.0
8.326,0.0,0.0,0.0,0.0
8.328,0.0,0.0,0.0,0.0
8.33,0.0,0.0,0.0,0.0
8.332,0.0,0.0,0.0,0.0
8.334,0.0,0.0,0.0,0.0
8.336,0.0,0.0,0.0,0.0
8.338,0.0,0.0,0.0,0.0
8.34,0.0,0.0,0.0,0.0
8.342,0.0,0.0,0.0,0.0
8.344,0.0,0.0,0.0,0.0
8.346,0.0,0.0,0.0,0.0
8.348,0.0,0.0,0.0,0.0
8.35,0.0,0.0,0.0,0.0
8.352,0.0,0.0,0.0,0.0
8.354,0.0,0.0,0.0,0.0
8.356,0.0,0.0,0.0,0.0
8.358,0.0,0.0,0.0,0.0
8.36,0.0,0.0,0.0,0.0
8.362,0.0,0.0,0.0,0.0
8.364,0.0,0.0,0.0,0.0
8.366,0.0,0.0,0.0,0.0
8.368,0.0,0.0,0.0,0.0
8.37,0.0,0.0,0.0,0.0
8.372,0.0,0.0,0.0,0.0
8.374,0.0,0.0,0.0,0.0
8.376,0.0,0.0,0.0,0.0
8.378,0.0,0.0,0.0,0.0
8.38,0.0,0.0,0.0,0.0
8.382,0.0,0.0,0.0,0.0
8.384,0.0,0.0,0.0,0.0
8.386,0.0,0.0,0.0,0.0
8.388,0.0,0.0,0.0,0.0
8.39,0.0,0.0,0.0,0.0
8.392,0.0,0.0,0.0,0.0
8.394,0.0,0.0,0.0,0.0
8.396,0.0,0.0,0.0,0.0
8.398,0.0,0.0,0.0,0.0
8.4,0.0,0.0,0.0,0.0
8.402,0.0,0.0,0.0,0.0
8.404,0.0,0.0,0.0,0.0
8.406,0.0,0.0,0.0,0.0
8.408,0.0,0.0,0.0,0.0
8.41,0.0,0.0,0.0,0.0
8.412,0.0,0.0,0.0,0.0
8.414,0.0,0.0,0.0,0.0
8.416,0.0,0.0,0.0,0.0
8.418,0.0,0.0,0.0,0.0
8.42,0.0,0.0,0.0,0.0
8.422,0.0,0.0,0.0,0.0
8.424,0.0,0.0,0.0,0.0
8.426,0.0,0.0,0.0,0.0
8.428,0.0,0.0,0.0,0.0
8.43,0.0,0.0,0.0,0.0
8.432,0.0,0.0,0.0,0.0
8.434,0.0,0.0,0.0,0.0
8.436,0.0,0.0,0.0,0.0
8.438,0.0,0.0,0.0,0.0
8.44,0.0,0.0,0.0,0.0
8.442,0.0,0.0,0.0,0.0
8.444,0.0,0.0,0.0,0.0
8.446,0.0,0.0,0.0,0.0
8.448,0.0,0.0,0.0,0.0
8.45,0.0,0.0,0.0,0.0
8.452,0.0,0.0,0.0,0.0
8.454,0.0,0.0,0.0,0.0
8.456,0.0,0.0,0.0,0.0
8.458,0.0,0.0,0.0,0.0
8.46,0.0,0.0,0.0,0.0
8.462,0.0,0.0,0.0,0.0
8.464,0.0,0.0,0.0,0.0
8.466,0.0,0.0,0.0,0.0
8.468,0.0,0.0,0.0,0.0
8.47,0.0,0.0,0.0,0.0
8.472,0.0,0.0,0.0,0.0
8.474,0.0,0.0,0.0,0.0
8.476,0.0,0.0,0.0,0.0
8.478,0.0,0.0,0.0,0.0
8.48,0.0,0.0,0.0,0.0
8.482,0.0,0.0,0.0,0.0
8.484,0.0,0.0,0.0,0.0
8.486,0.0,0.0,0.0,0.0
8.488,0.0,0.0,0.0,0.0
8.49,0.0,0.0,0.0,0.0
8.492,0.0,0.0,0.0,0.0
8.494,0.0,0.0,0.0,0.0
8.496,0.0,0.0,0.0,0.0
8.498,0.0,0.0,0.0,0.0
8.5,0.0,0.0,0.0,0.0
8.502,0.0,0.0,0.0,0.0
8.504,0.0,0.0,0.0,0.0
8.506,0.0,0.0,0.0,0.0
8.508,0.0,0.0,0.0,0.0
8.51,0.0,0.0,0.0,0.0
8.512,0.0,0.0,0.0,0.0
8.514,0.0,0.0,0.0,0.0
8.516,0.0,0.0,0.0,0.0
8.518,0.0,0.0,0.0,0.0
8.52,0.0,0.0,0.0,0.0
8.522,0.0,0.0,0.0,0.0
8.524,0.0,0.0,0.0,0.0
8.526,0.0,0.0,0.0,0.0
8.528,0.0,0.0,0.0,0.0
8.53,0.0,0.0,0.0,0.0
8.532,0.0,0.0,0.0,0.0
8.534,0.0,0.0,0.0,0.0
8.536,0.0,0.0,0.0,0.0
8.538,0.0,0.0,0.0,0.0
8.54,0.0,0.0,0.0,0.0
8.542,0.0,0.0,0.0,0.0
8.544,0.0,0.0,0.0,0.0
8.546,0.0,0.0,0.0,0.0
8.548,0.0,0.0,0.0,0.0
8.55,0.0,0.0,0.0,0.0
8.552,0.0,0.0,0.0,0.0
8.554,0.0,0.0,0.0,0.0
8.556,0.0,0.0,0.0,0.0
8.558,0.0,0.0,0.0,0.0
8.56,0.0,0.0,0.0,0.0
8.562,0.0,0.0,0.0,0.0
8.564,0.0,0.0,0.0,0.0
8.566,0.0,0.0,0.0,0.0
8.568,0.0,0.0,0.0,0.0
8.57,0.0,0.0,0.0,0.0
8.572,0.0,0.0,0.0,0.0
8.574,0.0,0.0,0.0,0.0
8.576,0.0,0.0,0.0,0.0
8.578,0.0,0.0,0.0,0.0
8.58,0.0,0.0,0.0,0.0
8.582,0.0,0.0,0.0,0.0
8.584,0.0,0.0,0.0,0.0
8.586,0.0,0.0,0.0,0.0
8.588,0.0,0.0,0.0,0.0
8.59,0.0,0.0,0.0,0.0
8.592,0.0,0.0,0.0,0.0
8.594,0.0,0.0,0.0,0.0
8.596,0.0,0.0,0.0,0.0
8.598,0.0,0.0,0.0,0.0
8.6,0.0,0.0,0.0,0.0
8.602,0.0,0.0,0.0,0.0
8.604,0.0,0.0,0.0,0.0
8.606,0.0,0.0,0.0,0.0
8.608,0.0,0.0,0.0,0.0
8.61,0.0,0.0,0.0,0.0
8.612,0.0,0.0,0.0,0.0
8.614,0.0,0.0,0.0,0.0
8.616,0.0,0.0,0.0,0.0
8.618,0.0,0.0,0.0,0.0
8.62,0.0,0.0,0.0,0.0
8.622,0.0,0.0,0.0,0.0
8.624,0.0,0.0,0.0,0.0
8.626,0.0,0.0,0.0,0.0
8.628,0.0,0.0,0.0,0.0
8.63,0.0,0.0,0.0,0.0
8.632,0.0,0.0,0.0,0.0
8.634,0.0,0.0,0.0,0.0
8.636,0.0,0.0,0.0,0.0
8.638,0.0,0.0,0.0,0.0
8.64,0.0,0.0,0.0,0.0
8.642,0.0,0.0,0.0,0.0
8.644,0.0,0.0,0.0,0.0
8.646,0.0,0.0,0.0,0.0
8.648,0.0,0.0,0.0,0.0
8.65,0.0,0.0,0.0,0.0
8.652,0.0,0.0,0.0,0.0
8.654,0.0,0.0,0.0,0.0
8.656,0.0,0.0,0.0,0.0
8.658,0.0,0.0,0.0,0.0
8.66,0.0,0.0,0.0,0.0
8.662,0.0,0.0,0.0,0.0
8.664,0.0,0.0,0.0,0.0
8.666,0.0,0.0,0.0,0.0
8.668,0.0,0.0,0.0,0.0
8.67,0.0,0.0,0.0,0.0
8.672,0.0,0.0,0.0,0.0
8.674,0.0,0.0,0.0,0.0
8.676,0.0,0.0,0.0,0.0
8.678,0.0,0.0,0.0,0.0
8.68,0.0,0.0,0.0,0.0
8.682,0.0,0.0,0.0,0.0
8.684,0.0,0.0,0.0,0.0
8.686,0.0,0.0,0.0,0.0
8.688,0.0,0.0,0.0,0.0
8.69,0.0,0.0,0.0,0.0
8.692,0.0,0.0,0.0,0.0
8.694,0.0,0.0,0.0,0.0
8.696,0.0,0.0,0.0,0.0
8.698,0.0,0.0,0.0,0.0
8.7,0.0,0.0,0.0,0.0
8.702,0.0,0.0,0.0,0.0
8.704,0.0,0.0,0.0,0.0
8.706,0.0,0.0,0.0,0.0
8.708,0.0,0.0,0.0,0.0
8.71,0.0,0.0,0.0,0.0
8.712,0.0,0.0,0.0,0.0
8.714,0.0,0.0,0.0,0.0
8.716,0.0,0.0,0.0,0.0
8.718,0.0,0.0,0.0,0.0
8.72,0.0,0.0,0.0,0.0
8.722,0.0,0.0,0.0,0.0
8.724,0.0,0.0,0.0,0.0
8.726,0.0,0.0,0.0,0.0
8.728,0.0,0.0,0.0,0.0
8.73,0.0,0.0,0.0,0.0
8.732,0.0,0.0,0.0,0.0
8.734,0.0,0.0,0.0,0.0
8.736,0.0,0.0,0.0,0.0
8.738,0.0,0.0,0.0,0.0
8.74,0.0,0.0,0.0,0.0
8.742,0.0,0.0,0.0,0.0
8.744,0.0,0.0,0.0,0.0
8.746,0.0,0.0,0.0,0.0
8.748,0.0,0.0,0.0,0.0
8.75,0.0,0.0,0.0,0.0
8.752,0.0,0.0,0.0,0.0
8.754,0.0,0.0,0.0,0.0
8.756,0.0,0.0,0.0,0.0
8.758,0.0,0.0,0.0,0.0
8.76,0.0,0.0,0.0,0.0
8.762,0.0,0.0,0.0,0.0
8.764,0.0,0.0,0.0,0.0
8.766,0.0,0.0,0.0,0.0
8.768,0.0,0.0,0.0,0.0
8.77,0.0,0.0,0.0,0.0
8.772,0.0,0.0,0.0,0.0
8.774,0.0,0.0,0.0,0.0
8.776,0.0,0.0,0.0,0.0
8.778,0.0,0.0,0.0,0.0
8.78,0.0,0.0,0.0,0.0
8.782,0.0,0.0,0.0,0.0
8.784,0.0,0.0,0.0,0.0
8.786,0.0,0.0,0.0,0.0
8.788,0.0,0.0,0.0,0.0
8.79,0.0,0.0,0.0,0.0
8.792,0.0,0.0,0.0,0.0
8.794,0.0,0.0,0.0,0.0
8.796,0.0,0.0,0.0,0.0
8.798,0.0,0.0,0.0,0.0
8.8,0.0,0.0,0.0,0.0
8.802,0.0,0.0,0.0,0.0
8.804,0.0,0.0,0.0,0.0
8.806,0.0,0.0,0.0,0.0
8.808,0.0,0.0,0.0,0.0
8.81,0.0,0.0,0.0,0.0
8.812,0.0,0.0,0.0,0.0
8.814,0.0,0.0,0.0,0.0
8.816,0.0,0.0,0.0,0.0
8.818,0.0,0.0,0.0,0.0
8.82,0.0,0.0,0.0,0.0
8.822,0.0,0.0,0.0,0.0
8.824,0.0,0.0,0.0,0.0
8.826,0.0,0.0,0.0,0.0
8.828,0.0,0.0,0.0,0.0
8.83,0.0,0.0,0.0,0.0
8.832,0.0,0.0,0.0,0.0
8.834,0.0,0.0,0.0,0.0
8.836,0.0,0.0,0.0,0.0
8.838,0.0,0.0,0.0,0.0
8.84,0.0,0.0,0.0,0.0
8.842,0.0,0.0,0.0,0.0
8.844,0.0,0.0,0.0,0.0
8.846,0.0,0.0,0.0,0.0
8.848,0.0,0.0,0.0,0.0
8.85,0.0,0.0,0.0,0.0
8.852,0.0,0.0,0.0,0.0
8.854,0.0,0.0,0.0,0.0
8.856,0.0,0.0,0.0,0.0
8.858,0.0,0.0,0.0,0.0
8.86,0.0,0.0,0.0,0.0
8.862,0.0,0.0,0.0,0.0
8.864,0.0,0.0,0.0,0.0
8.866,0.0,0.0,0.0,0.0
8.868,0.0,0.0,0.0,0.0
8.87,0.0,0.0,0.0,0.0
8.872,0.0,0.0,0.0,0.0
8.874,0.0,0.0,0.0,0.0
8.876,0.0,0.0,0.0,0.0
8.878,0.0,0.0,0.0,0.0
8.88,0.0,0.0,0.0,0.0
8.882,0.0,0.0,0.0,0.0
8.884,0.0,0.0,0.0,0.0
8.886,0.0,0.0,0.0,0.0
8.888,0.0,0.0,0.0,0.0
8.89,0.0,0.0,0.0,0.0
8.892,0.0,0.0,0.0,0.0
8.894,0.0,0.0,0.0,0.0
8.896,0.0,0.0,0.0,0.0
8.898,0.0,0.0,0.0,0.0
8.9,0.0,0.0,0.0,0.0
8.902,0.0,0.0,0.0,0.0
8.904,0.0,0.0,0.0,0.0
8.906,0.0,0.0,0.0,0.0
8.908,0.0,0.0,0.0,0.0
8.91,0.0,0.0,0.0,0.0
8.912,0.0,0.0,0.0,0.0
8.914,0.0,0.0,0.0,0.0
8.916,0.0,0.0,0.0,0.0
8.918,0.0,0.0,0.0,0.0
8.92,0.0,0.0,0.0,0.0
8.922,0.0,0.0,0.0,0.0
8.924,0.0,0.0,0.0,0.0
8.926,0.0,0.0,0.0,0.0
8.928,0.0,0.0,0.0,0.0
8.93,0.0,0.0,0.0,0.0
8.932,0.0,0.0,0.0,0.0
8.934,0.0,0.0,0.0,0.0
8.936,0.0,0.0,0.0,0.0
8.938,0.0,0.0,0.0,0.0
8.94,0.0,0.0,0.0,0.0
8.942,0.0,0.0,0.0,0.0
8.944,0.0,0.0,0.0,0.0
8.946,0.0,0.0,0.0,0.0
8.948,0.0,0.0,0.0,0.0
8.95,0.0,0.0,0.0,0.0
8.952,0.0,0.0,0.0,0.0
8.954,0.0,0.0,0.0,0.0
8.956,0.0,0.0,0.0,0.0
8.958,0.0,0.0,0.0,0.0
8.96,0.0,0.0,0.0,0.0
8.962,0.0,0.0,0.0,0.0
8.964,0.0,0.0,0.0,0.0
8.966,0.0,0.0,0.0,0.0
8.968,0.0,0.0,0.0,0.0
8.97,0.0,0.0,0.0,0.0
8.972,0.0,0.0,0.0,0.0
8.974,0.0,0.0,0.0,0.0
8.976,0.0,0.0,0.0,0.0
8.978,0.0,0.0,0.0,0.0
8.98,0.0,0.0,0.0,0.0
8.982,0.0,0.0,0.0,0.0
8.984,0.0,0.0,0.0,0.0
8.986,0.0,0.0,0.0,0.0
8.988,0.0,0.0,0.0,0.0
8.99,0.0,0.0,0.0,0.0
8.992,0.0,0.0,0.0,0.0
8.994,0.0,0.0,0.0,0.0
8.996,0.0,0.0,0.0,0.0
8.998,0.0,0.0,0.0,0.0
9.0,0.0,0.0,0.0,0.0
9.002,0.0,0.0,0.0,0.0
9.004,0.0,0.0,0.0,0.0
9.006,0.0,0.0,0.0,0.0
9.008,0.0,0.0,0.0,0.0
9.01,0.0,0.0,0.0,0.0
9.012,0.0,0.0,0.0,0.0
9.014,0.0,0.0,0.0,0.0
9.016,0.0,0.0,0.0,0.0
9.018,0.0,0.0,0.0,0.0
9.02,0.0,0.0,0.0,0.0
9.022,0.0,0.0,0.0,0.0
9.024,0.0,0.0,0.0,0.0
9.026,0.0,0.0,0.0,0.0
9.028,0.0,0.0,0.0,0.0
9.03,0.0,0.0,0.0,0.0
9.032,0.0,0.0,0.0,0.0
9.034,0.0,0.0,0.0,0.0
9.036,0.0,0.0,0.0,0.0
9.038,0.0,0.0,0.0,0.0
9.04,0.0,0.0,0.0,0.0
9.042,0.0,0.0,0.0,0.0
9.044,0.0,0.0,0.0,0.0
9.046,0.0,0.0,0.0,0.0
9.048,0.0,0.0,0.0,0.0
9.05,0.0,0.0,0.0,0.0
9.052,0.0,0.0,0.0,0.0
9.054,0.0,0.0,0.0,0.0
9.056,0.0,0.0,0.0,0.0
9.058,0.0,0.0,0.0,0.0
9.06,0.0,0.0,0.0,0.0
9.062,0.0,0.0,0.0,0.0
9.064,0.0,0.0,0.0,0.0
9.066,0.0,0.0,0.0,0.0
9.068,0.0,0.0,0.0,0.0
9.07,0.0,0.0,0.0,0.0
9.072,0.0,0.0,0.0,0.0
9.074,0.0,0.0,0.0,0.0
9.076,0.0,0.0,0.0,0.0
9.078,0.0,0.0,0.0,0.0
9.08,0.0,0.0,0.0,0.0
9.082,0.0,0.0,0.0,0.0
9.084,0.0,0.0,0.0,0.0
9.086,0.0,0.0,0.0,0.0
9.088,0.0,0.0,0.0,0.0
9.09,0.0,0.0,0.0,0.0
9.092,0.0,0.0,0.0,0.0
9.094,0.0,0.0,0.0,0.0
9.096,0.0,0.0,0.0,0.0
9.098,0.0,0.0,0.0,0.0
9.1,0.0,0.0,0.0,0.0
9.102,0.0,0.0,0.0,0.0
9.104,0.0,0.0,0.0,0.0
9.106,0.0,0.0,0.0,0.0
9.108,0.0,0.0,0.0,0.0
9.11,0.0,0.0,0.0,0.0
9.112,0.0,0.0,0.0,0.0
9.114,0.0,0.0,0.0,0.0
9.116,0.0,0.0,0.0,0.0
9.118,0.0,0.0,0.0,0.0
9.12,0.0,0.0,0.0,0.0
9.122,0.0,0.0,0.0,0.0
9.124,0.0,0.0,0.0,0.0
9.126,0.0,0.0,0.0,0.0
9.128,0.0,0.0,0.0,0.0
9.13,0.0,0.0,0.0,0.0
9.132,0.0,0.0,0.0,0.0
9.134,0.0,0.0,0.0,0.0
9.136,0.0,0.0,0.0,0.0
9.138,0.0,0.0,0.0,0.0
9.14,0.0,0.0,0.0,0.0
9.142,0.0,0.0,0.0,0.0
9.144,0.0,0.0,0.0,0.0
9.146,0.0,0.0,0.0,0.0
9.148,0.0,0.0,0.0,0.0
9.15,0.0,0.0,0.0,0.0
9.152,0.0,0.0,0.0,0.0
9.154,0.0,0.0,0.0,0.0
9.156,0.0,0.0,0.0,0.0
9.158,0.0,0.0,0.0,0.0
9.16,0.0,0.0,0.0,0.0
9.162,0.0,0.0,0.0,0.0
9.164,0.0,0.0,0.0,0.0
9.166,0.0,0.0,0.0,0.0
9.168,0.0,0.0,0.0,0.0
9.17,0.0,0.0,0.0,0.0
9.172,0.0,0.0,0.0,0.0
9.174,0.0,0.0,0.0,0.0
9.176,0.0,0.0,0.0,0.0
9.178,0.0,0.0,0.0,0.0
9.18,0.0,0.0,0.0,0.0
9.182,0.0,0.0,0.0,0.0
9.184,0.0,0.0,0.0,0.0
9.186,0.0,0.0,0.0,0.0
9.188,0.0,0.0,0.0,0.0
9.19,0.0,0.0,0.0,0.0
9.192,0.0,0.0,0.0,0.0
9.194,0.0,0.0,0.0,0.0
9.196,0.0,0.0,0.0,0.0
9.198,0.0,0.0,0.0,0.0
9.2,0.0,0.0,0.0,0.0
9.202,0.0,0.0,0.0,0.0
9.204,0.0,0.0,0.0,0.0
9.206,0.0,0.0,0.0,0.0
9.208,0.0,0.0,0.0,0.0
9.21,0.0,0.0,0.0,0.0
9.212,0.0,0.0,0.0,0.0
9.214,0.0,0.0,0.0,0.0
9.216,0.0,0.0,0.0,0.0
9.218,0.0,0.0,0.0,0.0
9.22,0.0,0.0,0.0,0.0
9.222,0.0,0.0,0.0,0.0
9.224,0.0,0.0,0.0,0.0
9.226,0.0,0.0,0.0,0.0
9.228,0.0,0.0,0.0,0.0
9.23,0.0,0.0,0.0,0.0
9.232,0.0,0.0,0.0,0.0
9.234,0.0,0.0,0.0,0.0
9.236,0.0,0.0,0.0,0.0
9.238,0.0,0.0,0.0,0.0
9.24,0.0,0.0,0.0,0.0
9.242,0.0,0.0,0.0,0.0
9.244,0.0,0.0,0.0,0.0
9.246,0.0,0.0,0.0,0.0
9.248,0.0,0.0,0.0,0.0
9.25,0.0,0.0,0.0,0.0
9.252,0.0,0.0,0.0,0.0
9.254,0.0,0.0,0.0,0.0
9.256,0.0,0.0,0.0,0.0
9.258,0.0,0.0,0.0,0.0
9.26,0.0,0.0,0.0,0.0
9.262,0.0,0.0,0.0,0.0
9.264,0.0,0.0,0.0,0.0
9.266,0.0,0.0,0.0,0.0
9.268,0.0,0.0,0.0,0.0
9.27,0.0,0.0,0.0,0.0
9.272,0.0,0.0,0.0,0.0
9.274,0.0,0.0,0.0,0.0
9.276,0.0,0.0,0.0,0.0
9.278,0.0,0.0,0.0,0.0
9.28,0.0,0.0,0.0,0.0
9.282,0.0,0.0,0.0,0.0
9.284,0.0,0.0,0.0,0.0
9.286,0.0,0.0,0.0,0.0
9.288,0.0,0.0,0.0,0.0
9.29,0.0,0.0,0.0,0.0
9.292,0.0,0.0,0.0,0.0
9.294,0.0,0.0,0.0,0.0
9.296,0.0,0.0,0.0,0.0
9.298,0.0,0.0,0.0,0.0
9.3,0.0,0.0,0.0,0.0
9.302,0.0,0.0,0.0,0.0
9.304,0.0,0.0,0.0,0.0
9.306,0.0,0.0,0.0,0.0
9.308,0.0,0.0,0.0,0.0
9.31,0.0,0.0,0.0,0.0
9.312,0.0,0.0,0.0,0.0
9.314,0.0,0.0,0.0,0.0
9.316,0.0,0.0,0.0,0.0
9.318,0.0,0.0,0.0,0.0
9.32,0.0,0.0,0.0,0.0
9.322,0.0,0.0,0.0,0.0
9.324,0.0,0.0,0.0,0.0
9.326,0.0,0.0,0.0,0.0
9.328,0.0,0.0,0.0,0.0
9.33,0.0,0.0,0.0,0.0
9.332,0.0,0.0,0.0,0.0
9.334,0.0,0.0,0.0,0.0
9.336,0.0,0.0,0.0,0.0
9.338,0.0,0.0,0.0,0.0
9.34,0.0,0.0,0.0,0.0
9.342,0.0,0.0,0.0,0.0
9.344,0.0,0.0,0.0,0.0
9.346,0.0,0.0,0.0,0.0
9.348,0.0,0.0,0.0,0.0
9.35,0.0,0.0,0.0,0.0
9.352,0.0,0.0,0.0,0.0
9.354,0.0,0.0,0.0,0.0
9.356,0.0,0.0,0.0,0.0
9.358,0.0,0.0,0.0,0.0
9.36,0.0,0.0,0.0,0.0
9.362,0.0,0.0,0.0,0.0
9.364,0.0,0.0,0.0,0.0
9.366,0.0,0.0,0.0,0.0
9.368,0.0,0.0,0.0,0.0
9.37,0.0,0.0,0.0,0.0
9.372,0.0,0.0,0.0,0.0
9.374,0.0,0.0,0.0,0.0
9.376,0.0,0.0,0.0,0.0
9.378,0.0,0.0,0.0,0.0
9.38,0.0,0.0,0.0,0.0
9.382,0.0,0.0,0.0,0.0
9.384,0.0,0.0,0.0,0.0
9.386,0.0,0.0,0.0,0.0
9.388,0.0,0.0,0.0,0.0
9.39,0.0,0.0,0.0,0.0
9.392,0.0,0.0,0.0,0.0
9.394,0.0,0.0,0.0,0.0
9.396,0.0,0.0,0.0,0.0
9.398,0.0,0.0,0.0,0.0
9.4,0.0,0.0,0.0,0.0
9.402,0.0,0.0,0.0,0.0
9.404,0.0,0.0,0.0,0.0
9.406,0.0,0.0,0.0,0.0
9.408,0.0,0.0,0.0,0.0
9.41,0.0,0.0,0.0,0.0
9.412,0.0,0.0,0.0,0.0
9.414,0.0,0.0,0.0,0.0
9.416,0.0,0.0,0.0,0.0
9.418,0.0,0.0,0.0,0.0
9.42,0.0,0.0,0.0,0.0
9.422,0.0,0.0,0.0,0.0
9.424,0.0,0.0,0.0,0.0
9.426,0.0,0.0,0.0,0.0
9.428,0.0,0.0,0.0,0.0
9.43,0.0,0.0,0.0,0.0
9.432,0.0,0.0,0.0,0.0
9.434,0.0,0.0,0.0,0.0
9.436,0.0,0.0,0.0,0.0
9.438,0.0,0.0,0.0,0.0
9.44,0.0,0.0,0.0,0.0
9.442,0.0,0.0,0.0,0.0
9.444,0.0,0.0,0.0,0.0
9.446,0.0,0.0,0.0,0.0
9.448,0.0,0.0,0.0,0.0
9.45,0.0,0.0,0.0,0.0
9.452,0.0,0.0,0.0,0.0
9.454,0.0,0.0,0.0,0.0
9.456,0.0,0.0,0.0,0.0
9.458,0.0,0.0,0.0,0.0
9.46,0.0,0.0,0.0,0.0
9.462,0.0,0.0,0.0,0.0
9.464,0.0,0.0,0.0,0.0
9.466,0.0,0.0,0.0,0.0
9.468,0.0,0.0,0.0,0.0
9.47,0.0,0.0,0.0,0.0
9.472,0.0,0.0,0.0,0.0
9.474,0.0,0.0,0.0,0.0
9.476,0.0,0.0,0.0,0.0
9.478,0.0,0.0,0.0,0.0
9.48,0.0,0.0,0.0,0.0
9.482,0.0,0.0,0.0,0.0
9.484,0.0,0.0,0.0,0.0
9.486,0.0,0.0,0.0,0.0
9.488,0.0,0.0,0.0,0.0
9.49,0.0,0.0,0.0,0.0
9.492,0.0,0.0,0.0,0.0
9.494,0.0,0.0,0.0,0.0
9.496,0.0,0.0,0.0,0.0
9.498,0.0,0.0,0.0,0.0
9.5,0.0,0.0,0.0,0.0
9.502,0.0,0.0,0.0,0.0
9.504,0.0,0.0,0.0,0.0
9.506,0.0,0.0,0.0,0.0
9.508,0.0,0.0,0.0,0.0
9.51,0.0,0.0,0.0,0.0
9.512,0.0,0.0,0.0,0.0
9.514,0.0,0.0,0.0,0.0
9.516,0.0,0.0,0.0,0.0
9.518,0.0,0.0,0.0,0.0
9.52,0.0,0.0,0.0,0.0
9.522,0.0,0.0,0.0,0.0
9.524,0.0,0.0,0.0,0.0
9.526,0.0,0.0,0.0,0.0
9.528,0.0,0.0,0.0,0.0
9.53,0.0,0.0,0.0,0.0
9.532,0.0,0.0,0.0,0.0
9.534,0.0,0.0,0.0,0.0
9.536,0.0,0.0,0.0,0.0
9.538,0.0,0.0,0.0,0.0
9.54,0.0,0.0,0.0,0.0
9.542,0.0,0.0,0.0,0.0
9.544,0.0,0.0,0.0,0.0
9.546,0.0,0.0,0.0,0.0
9.548,0.0,0.0,0.0,0.0
9.55,0.0,0.0,0.0,0.0
9.552,0.0,0.0,0.0,0.0
9.554,0.0,0.0,0.0,0.0
9.556,0.0,0.0,0.0,0.0
9.558,0.0,0.0,0.0,0.0
9.56,0.0,0.0,0.0,0.0
9.562,0.0,0.0,0.0,0.0
9.564,0.0,0.0,0.0,0.0
9.566,0.0,0.0,0.0,0.0
9.568,0.0,0.0,0.0,0.0
9.57,0.0,0.0,0.0,0.0
9.572,0.0,0.0,0.0,0.0
9.574,0.0,0.0,0.0,0.0
9.576,0.0,0.0,0.0,0.0
9.578,0.0,0.0,0.0,0.0
9.58,0.0,0.0,0.0,0.0
9.582,0.0,0.0,0.0,0.0
9.584,0.0,0.0,0.0,0.0
9.586,0.0,0.0,0.0,0.0
9.588,0.0,0.0,0.0,0.0
9.59,0.0,0.0,0.0,0.0
9.592,0.0,0.0,0.0,0.0
9.594,0.0,0.0,0.0,0.0
9.596,0.0,0.0,0.0,0.0
9.598,0.0,0.0,0.0,0.0
9.6,0.0,0.0,0.0,0.0
9.602,0.0,0.0,0.0,0.0
9.604,0.0,0.0,0.0,0.0
9.606,0.0,0.0,0.0,0.0
9.608,0.0,0.0,0.0,0.0
9.61,0.0,0.0,0.0,0.0
9.612,0.0,0.0,0.0,0.0
9.614,0.0,0.0,0.0,0.0
9.616,0.0,0.0,0.0,0.0
9.618,0.0,0.0,0.0,0.0
9.62,0.0,0.0,0.0,0.0
9.622,0.0,0.0,0.0,0.0
9.624,0.0,0.0,0.0,0.0
9.626,0.0,0.0,0.0,0.0
9.628,0.0,0.0,0.0,0.0
9.63,0.0,0.0,0.0,0.0
9.632,0.0,0.0,0.0,0.0
9.634,0.0,0.0,0.0,0.0
9.636,0.0,0.0,0.0,0.0
9.638,0.0,0.0,0.0,0.0
9.64,0.0,0.0,0.0,0.0
9.642,0.0,0.0,0.0,0.0
9.644,0.0,0.0,0.0,0.0
9.646,0.0,0.0,0.0,0.0
9.648,0.0,0.0,0.0,0.0
9.65,0.0,0.0,0.0,0.0
9.652,0.0,0.0,0.0,0.0
9.654,0.0,0.0,0.0,0.0
9.656,0.0,0.0,0.0,0.0
9.658,0.0,0.0,0.0,0.0
9.66,0.0,0.0,0.0,0.0
9.662,0.0,0.0,0.0,0.0
9.664,0.0,0.0,0.0,0.0
9.666,0.0,0.0,0.0,0.0
9.668,0.0,0.0,0.0,0.0
9.67,0.0,0.0,0.0,0.0
9.672,0.0,0.0,0.0,0.0
9.674,0.0,0.0,0.0,0.0
9.676,0.0,0.0,0.0,0.0
9.678,0.0,0.0,0.0,0.0
9.68,0.0,0.0,0.0,0.0
9.682,0.0,0.0,0.0,0.0
9.684,0.0,0.0,0.0,0.0
9.686,0.0,0.0,0.0,0.0
9.688,0.0,0.0,0.0,0.0
9.69,0.0,0.0,0.0,0.0
9.692,0.0,0.0,0.0,0.0
9.694,0.0,0.0,0.0,0.0
9.696,0.0,0.0,0.0,0.0
9.698,0.0,0.0,0.0,0.0
9.7,0.0,0.0,0.0,0.0
9.702,0.0,0.0,0.0,0.0
9.704,0.0,0.0,0.0,0.0
9.706,0.0,0.0,0.0,0.0
9.708,0.0,0.0,0.0,0.0
9.71,0.0,0.0,0.0,0.0
9.712,0.0,0.0,0.0,0.0
9.714,0.0,0.0,0.0,0.0
9.716,0.0,0.0,0.0,0.0
9.718,0.0,0.0,0.0,0.0
9.72,0.0,0.0,0.0,0.0
9.722,0.0,0.0,0.0,0.0
9.724,0.0,0.0,0.0,0.0
9.726,0.0,0.0,0.0,0.0
9.728,0.0,0.0,0.0,0.0
9.73,0.0,0.0,0.0,0.0
9.732,0.0,0.0,0.0,0.0
9.734,0.0,0.0,0.0,0.0
9.736,0.0,0.0,0.0,0.0
9.738,0.0,0.0,0.0,0.0
9.74,0.0,0.0,0.0,0.0
9.742,0.0,0.0,0.0,0.0
9.744,0.0,0.0,0.0,0.0
9.746,0.0,0.0,0.0,0.0
9.748,0.0,0.0,0.0,0.0
9.75,0.0,0.0,0.0,0.0
9.752,0.0,0.0,0.0,0.0
9.754,0.0,0.0,0.0,0.0
9.756,0.0,0.0,0.0,0.0
9.758,0.0,0.0,0.0,0.0
9.76,0.0,0.0,0.0,0.0
9.762,0.0,0.0,0.0,0.0
9.764,0.0,0.0,0.0,0.0
9.766,0.0,0.0,0.0,0.0
9.768,0.0,0.0,0.0,0.0
9.77,0.0,0.0,0.0,0.0
9.772,0.0,0.0,0.0,0.0
9.774,0.0,0.0,0.0,0.0
9.776,0.0,0.0,0.0,0.0
9.778,0.0,0.0,0.0,0.0
9.78,0.0,0.0,0.0,0.0
9.782,0.0,0.0,0.0,0.0
9.784,0.0,0.0,0.0,0.0
9.786,0.0,0.0,0.0,0.0
9.788,0.0,0.0,0.0,0.0
9.79,0.0,0.0,0.0,0.0
9.792,0.0,0.0,0.0,0.0
9.794,0.0,0.0,0.0,0.0
9.796,0.0,0.0,0.0,0.0
9.798,0.0,0.0,0.0,0.0
9.8,0.0,0.0,0.0,0.0
9.802,0.0,0.0,0.0,0.0
9.804,0.0,0.0,0.0,0.0
9.806,0.0,0.0,0.0,0.0
9.808,0.0,0.0,0.0,0.0
9.81,0.0,0.0,0.0,0.0
9.812,0.0,0.0,0.0,0.0
9.814,0.0,0.0,0.0,0.0
9.816,0.0,0.0,0.0,0.0
9.818,0.0,0.0,0.0,0.0
9.82,0.0,0.0,0.0,0.0
9.822,0.0,0.0,0.0,0.0
9.824,0.0,0.0,0.0,0.0
9.826,0.0,0.0,0.0,0.0
9.828,0.0,0.0,0.0,0.0
9.83,0.0,0.0,0.0,0.0
9.832,0.0,0.0,0.0,0.0
9.834,0.0,0.0,0.0,0.0
9.836,0.0,0.0,0.0,0.0
9.838,0.0,0.0,0.0,0.0
9.84,0.0,0.0,0.0,0.0
9.842,0.0,0.0,0.0,0.0
9.844,0.0,0.0,0.0,0.0
9.846,0.0,0.0,0.0,0.0
9.848,0.0,0.0,0.0,0.0
9.85,0.0,0.0,0.0,0.0
9.852,0.0,0.0,0.0,0.0
9.854,0.0,0.0,0.0,0.0
9.856,0.0,0.0,0.0,0.0
9.858,0.0,0.0,0.0,0.0
9.86,0.0,0.0,0.0,0.0
9.862,0.0,0.0,0.0,0.0
9.864,0.0,0.0,0.0,0.0
9.866,0.0,0.0,0.0,0.0
9.868,0.0,0.0,0.0,0.0
9.87,0.0,0.0,0.0,0.0
9.872,0.0,0.0,0.0,0.0
9.874,0.0,0.0,0.0,0.0
9.876,0.0,0.0,0.0,0.0
9.878,0.0,0.0,0.0,0.0
9.88,0.0,0.0,0.0,0.0
9.882,0.0,0.0,0.0,0.0
9.884,0.0,0.0,0.0,0.0
9.886,0.0,0.0,0.0,0.0
9.888,0.0,0.0,0.0,0.0
9.89,0.0,0.0,0.0,0.0
9.892,0.0,0.0,0.0,0.0
9.894,0.0,0.0,0.0,0.0
9.896,0.0,0.0,0.0,0.0
9.898,0.0,0.0,0.0,0.0
9.9,0.0,0.0,0.0,0.0
9.902,0.0,0.0,0.0,0.0
9.904,0.0,0.0,0.0,0.0
9.906,0.0,0.0,0.0,0.0
9.908,0.0,0.0,0.0,0.0
9.91,0.0,0.0,0.0,0.0
9.912,0.0,0.0,0.0,0.0
9.914,0.0,0.0,0.0,0.0
9.916,0.0,0.0,0.0,0.0
9.918,0.0,0.0,0.0,0.0
9.92,0.0,0.0,0.0,0.0
9.922,0.0,0.0,0.0,0.0
9.924,0.0,0.0,0.0,0.0
9.926,0.0,0.0,0.0,0.0
9.928,0.0,0.0,0.0,0.0
9.93,0.0,0.0,0.0,0.0
9.932,0.0,0.0,0.0,0.0
9.934,0.0,0.0,0.0,0.0
9.936,0.0,0.0,0.0,0.0
9.938,0.0,0.0,0.0,0.0
9.94,0.0,0.0,0.0,0.0
9.942,0.0,0.0,0.0,0.0
9.944,0.0,0.0,0.0,0.0
9.946,0.0,0.0,0.0,0.0
9.948,0.0,0.0,0.0,0.0
9.95,0.0,0.0,0.0,0.0
9.952,0.0,0.0,0.0,0.0
9.954,0.0,0.0,0.0,0.0
9.956,0.0,0.0,0.0,0.0
9.958,0.0,0.0,0.0,0.0
9.96,0.0,0.0,0.0,0.0
9.962,0.0,0.0,0.0,0.0
9.964,0.0,0.0,0.0,0.0
9.966,0.0,0.0,0.0,0.0
9.968,0.0,0.0,0.0,0.0
9.97,0.0,0.0,0.0,0.0
9.972,0.0,0.0,0.0,0.0
9.974,0.0,0.0,0.0,0.0
9.976,0.0,0.0,0.0,0.0
9.978,0.0,0.0,0.0,0.0
9.98,0.0,0.0,0.0,0.0
9.982,0.0,0.0,0.0,0.0
9.984,0.0,0.0,0.0,0.0
9.986,0.0,0.0,0.0,0.0
9.988,0.0,0.0,0.0,0.0
9.99,0.0,0.0,0.0,0.0
9.992,0.0,0.0,0.0,0.0
9.994,0.0,0.0,0.0,0.0
9.996,0.0,0.0,0.0,0.0
9.998,0.0,0.0,0.0,0.0
10.0,0.0,0.0,0.0,0.0
10.002,0.0,0.0,0.0,0.0
10.004,0.0,0.0,0.0,0.0
10.006,0.0,0.0,0.0,0.0
10.008,0.0,0.0,0.0,0.0
10.01,0.0,0.0,0.0,0.0
10.012,0.0,0.0,0.0,0.0
10.014,0.0,0.0,0.0,0.0
10.016,0.0,0.0,0.0,0.0
10.018,0.0,0.0,0.0,0.0
10.02,0.0,0.0,0.0,0.0
10.022,0.0,0.0,0.0,0.0
10.024,0.0,0.0,0.0,0.0
10.026,0.0,0.0,0.0,0.0
10.028,0.0,0.0,0.0,0.0
10.03,0.0,0.0,0.0,0.0
10.032,0.0,0.0,0.0,0.0
10.034,0.0,0.0,0.0,0.0
10.036,0.0,0.0,0.0,0.0
10.038,0.0,0.0,0.0,0.0
10.04,0.0,0.0,0.0,0.0
10.042,0.0,0.0,0.0,0.0
10.044,0.0,0.0,0.0,0.0
10.046,0.0,0.0,0.0,0.0
10.048,0.0,0.0,0.0,0.0
10.05,0.0,0.0,0.0,0.0
10.052,0.0,0.0,0.0,0.0
10.054,0.0,0.0,0.0,0.0
10.056,0.0,0.0,0.0,0.0
10.058,0.0,0.0,0.0,0.0
10.06,0.0,0.0,0.0,0.0
10.062,0.0,0.0,0.0,0.0
10.064,0.0,0.0,0.0,0.0
10.066,0.0,0.0,0.0,0.0
10.068,0.0,0.0,0.0,0.0
10.07,0.0,0.0,0.0,0.0
10.072,0.0,0.0,0.0,0.0
10.074,0.0,0.0,0.0,0.0
10.076,0.0,0.0,0.0,0.0
10.078,0.0,0.0,0.0,0.0
10.08,0.0,0.0,0.0,0.0
10.082,0.0,0.0,0.0,0.0
10.084,0.0,0.0,0.0,0.0
10.086,0.0,0.0,0.0,0.0
10.088,0.0,0.0,0.0,0.0
10.09,0.0,0.0,0.0,0.0
10.092,0.0,0.0,0.0,0.0
10.094,0.0,0.0,0.0,0.0
10.096,0.0,0.0,0.0,0.0
10.098,0.0,0.0,0.0,0.0
10.1,0.0,0.0,0.0,0.0
10.102,0.0,0.0,0.0,0.0
10.104,0.0,0.0,0.0,0.0
10.106,0.0,0.0,0.0,0.0
10.108,0.0,0.0,0.0,0.0
10.11,0.0,0.0,0.0,0.0
10.112,0.0,0.0,0.0,0.0
10.114,0.0,0.0,0.0,0.0
10.116,0.0,0.0,0.0,0.0
10.118,0.0,0.0,0.0,0.0
10.12,0.0,0.0,0.0,0.0
10.122,0.0,0.0,0.0,0.0
10.124,0.0,0.0,0.0,0.0
10.126,0.0,0.0,0.0,0.0
10.128,0.0,0.0,0.0,0.0
10.13,0.0,0.0,0.0,0.0
10.132,0.0,0.0,0.0,0.0
10.134,0.0,0.0,0.0,0.0
10.136,0.0,0.0,0.0,0.0
10.138,0.0,0.0,0.0,0.0
10.14,0.0,0.0,0.0,0.0
10.142,0.0,0.0,0.0,0.0
10.144,0.0,0.0,0.0,0.0
10.146,0.0,0.0,0.0,0.0
10.148,0.0,0.0,0.0,0.0
10.15,0.0,0.0,0.0,0.0
10.152,0.0,0.0,0.0,0.0
10.154,0.0,0.0,0.0,0.0
10.156,0.0,0.0,0.0,0.0
10.158,0.0,0.0,0.0,0.0
10.16,0.0,0.0,0.0,0.0
10.162,0.0,0.0,0.0,0.0
10.164,0.0,0.0,0.0,0.0
10.166,0.0,0.0,0.0,0.0
10.168,0.0,0.0,0.0,0.0
10.17,0.0,0.0,0.0,0.0
10.172,0.0,0.0,0.0,0.0
10.174,0.0,0.0,0.0,0.0
10.176,0.0,0.0,0.0,0.0
10.178,0.0,0.0,0.0,0.0
10.18,0.0,0.0,0.0,0.0
10.182,0.0,0.0,0.0,0.0
10.184,0.0,0.0,0.0,0.0
10.186,0.0,0.0,0.0,0.0
10.188,0.0,0.0,0.0,0.0
10.19,0.0,0.0,0.0,0.0
10.192,0.0,0.0,0.0,0.0
10.194,0.0,0.0,0.0,0.0
10.196,0.0,0.0,0.0,0.0
10.198,0.0,0.0,0.0,0.0
10.2,0.0,0.0,0.0,0.0
10.202,0.0,0.0,0.0,0.0
10.204,0.0,0.0,0.0,0.0
10.206,0.0,0.0,0.0,0.0
10.208,0.0,0.0,0.0,0.0
10.21,0.0,0.0,0.0,0.0
10.212,0.0,0.0,0.0,0.0
10.214,0.0,0.0,0.0,0.0
10.216,0.0,0.0,0.0,0.0
10.218,0.0,0.0,0.0,0.0
10.22,0.0,0.0,0.0,0.0
10.222,0.0,0.0,0.0,0.0
10.224,0.0,0.0,0.0,0.0
10.226,0.0,0.0,0.0,0.0
10.228,0.0,0.0,0.0,0.0
10.23,0.0,0.0,0.0,0.0
10.232,0.0,0.0,0.0,0.0
10.234,0.0,0.0,0.0,0.0
10.236,0.0,0.0,0.0,0.0
10.238,0.0,0.0,0.0,0.0
10.24,0.0,0.0,0.0,0.0
10.242,0.0,0.0,0.0,0.0
10.244,0.0,0.0,0.0,0.0
10.246,0.0,0.0,0.0,0.0
10.248,0.0,0.0,0.0,0.0
10.25,0.0,0.0,0.0,0.0
10.252,0.0,0.0,0.0,0.0
10.254,0.0,0.0,0.0,0.0
10.256,0.0,0.0,0.0,0.0
10.258,0.0,0.0,0.0,0.0
10.26,0.0,0.0,0.0,0.0
10.262,0.0,0.0,0.0,0.0
10.264,0.0,0.0,0.0,0.0
10.266,0.0,0.0,0.0,0.0
10.268,0.0,0.0,0.0,0.0
10.27,0.0,0.0,0.0,0.0
10.272,0.0,0.0,0.0,0.0
10.274,0.0,0.0,0.0,0.0
10.276,0.0,0.0,0.0,0.0
10.278,0.0,0.0,0.0,0.0
10.28,0.0,0.0,0.0,0.0
10.282,0.0,0.0,0.0,0.0
10.284,0.0,0.0,0.0,0.0
10.286,0.0,0.0,0.0,0.0
10.288,0.0,0.0,0.0,0.0
10.29,0.0,0.0,0.0,0.0
10.292,0.0,0.0,0.0,0.0
10.294,0.0,0.0,0.0,0.0
10.296,0.0,0.0,0.0,0.0
10.298,0.0,0.0,0.0,0.0
10.3,0.0,0.0,0.0,0.0
10.302,0.0,0.0,0.0,0.0
10.304,0.0,0.0,0.0,0.0
10.306,0.0,0.0,0.0,0.0
10.308,0.0,0.0,0.0,0.0
10.31,0.0,0.0,0.0,0.0
10.312,0.0,0.0,0.0,0.0
10.314,0.0,0.0,0.0,0.0
10.316,0.0,0.0,0.0,0.0
10.318,0.0,0.0,0.0,0.0
10.32,0.0,0.0,0.0,0.0
10.322,0.0,0.0,0.0,0.0
10.324,0.0,0.0,0.0,0.0
10.326,0.0,0.0,0.0,0.0
10.328,0.0,0.0,0.0,0.0
10.33,0.0,0.0,0.0,0.0
10.332,0.0,0.0,0.0,0.0
10.334,0.0,0.0,0.0,0.0
10.336,0.0,0.0,0.0,0.0
10.338,0.0,0.0,0.0,0.0
10.34,0.0,0.0,0.0,0.0
10.342,0.0,0.0,0.0,0.0
10.344,0.0,0.0,0.0,0.0
10.346,0.0,0.0,0.0,0.0
10.348,0.0,0.0,0.0,0.0
10.35,0.0,0.0,0.0,0.0
10.352,0.0,0.0,0.0,0.0
10.354,0.0,0.0,0.0,0.0
10.356,0.0,0.0,0.0,0.0
10.358,0.0,0.0,0.0,0.0
10.36,0.0,0.0,0.0,0.0
10.362,0.0,0.0,0.0,0.0
10.364,0.0,0.0,0.0,0.0
10.366,0.0,0.0,0.0,0.0
10.368,0.0,0.0,0.0,0.0
10.37,0.0,0.0,0.0,0.0
10.372,0.0,0.0,0.0,0.0
10.374,0.0,0.0,0.0,0.0
10.376,0.0,0.0,0.0,0.0
10.378,0.0,0.0,0.0,0.0
10.38,0.0,0.0,0.0,0.0
10.382,0.0,0.0,0.0,0.0
10.384,0.0,0.0,0.0,0.0
10.386,0.0,0.0,0.0,0.0
10.388,0.0,0.0,0.0,0.0
10.39,0.0,0.0,0.0,0.0
10.392,0.0,0.0,0.0,0.0
10.394,0.0,0.0,0.0,0.0
10.396,0.0,0.0,0.0,0.0
10.398,0.0,0.0,0.0,0.0
10.4,0.0,0.0,0.0,0.0
10.402,0.0,0.0,0.0,0.0
10.404,0.0,0.0,0.0,0.0
10.406,0.0,0.0,0.0,0.0
10.408,0.0,0.0,0.0,0.0
10.41,0.0,0.0,0.0,0.0
10.412,0.0,0.0,0.0,0.0
10.414,0.0,0.0,0.0,0.0
10.416,0.0,0.0,0.0,0.0
10.418,0.0,0.0,0.0,0.0
10.42,0.0,0.0,0.0,0.0
10.422,0.0,0.0,0.0,0.0
10.424,0.0,0.0,0.0,0.0
10.426,0.0,0.0,0.0,0.0
10.428,0.0,0.0,0.0,0.0
10.43,0.0,0.0,0.0,0.0
10.432,0.0,0.0,0.0,0.0
10.434,0.0,0.0,0.0,0.0
10.436,0.0,0.0,0.0,0.0
10.438,0.0,0.0,0.0,0.0
10.44,0.0,0.0,0.0,0.0
10.442,0.0,0.0,0.0,0.0
10.444,0.0,0.0,0.0,0.0
10.446,0.0,0.0,0.0,0.0
10.448,0.0,0.0,0.0,0.0
10.45,0.0,0.0,0.0,0.0
10.452,0.0,0.0,0.0,0.0
10.454,0.0,0.0,0.0,0.0
10.456,0.0,0.0,0.0,0.0
10.458,0.0,0.0,0.0,0.0
10.46,0.0,0.0,0.0,0.0
10.462,0.0,0.0,0.0,0.0
10.464,0.0,0.0,0.0,0.0
10.466,0.0,0.0,0.0,0.0
10.468,0.0,0.0,0.0,0.0
10.47,0.0,0.0,0.0,0.0
10.472,0.0,0.0,0.0,0.0
10.474,0.0,0.0,0.0,0.0
10.476,0.0,0.0,0.0,0.0
10.478,0.0,0.0,0.0,0.0
10.48,0.0,0.0,0.0,0.0
10.482,0.0,0.0,0.0,0.0
10.484,0.0,0.0,0.0,0.0
10.486,0.0,0.0,0.0,0.0
10.488,0.0,0.0,0.0,0.0
10.49,0.0,0.0,0.0,0.0
10.492,0.0,0.0,0.0,0.0
10.494,0.0,0.0,0.0,0.0
10.496,0.0,0.0,0.0,0.0
10.498,0.0,0.0,0.0,0.0
10.5,0.0,0.0,0.0,0.0
10.502,0.0,0.0,0.0,0.0
10.504,0.0,0.0,0.0,0.0
10.506,0.0,0.0,0.0,0.0
10.508,0.0,0.0,0.0,0.0
10.51,0.0,0.0,0.0,0.0
10.512,0.0,0.0,0.0,0.0
10.514,0.0,0.0,0.0,0.0
10.516,0.0,0.0,0.0,0.0
10.518,0.0,0.0,0.0,0.0
10.52,0.0,0.0,0.0,0.0
10.522,0.0,0.0,0.0,0.0
10.524,0.0,0.0,0.0,0.0
10.526,0.0,0.0,0.0,0.0
10.528,0.0,0.0,0.0,0.0
10.53,0.0,0.0,0.0,0.0
10.532,0.0,0.0,0.0,0.0
10.534,0.0,0.0,0.0,0.0
10.536,0.0,0.0,0.0,0.0
10.538,0.0,0.0,0.0,0.0
10.54,0.0,0.0,0.0,0.0
10.542,0.0,0.0,0.0,0.0
10.544,0.0,0.0,0.0,0.0
10.546,0.0,0.0,0.0,0.0
10.548,0.0,0.0,0.0,0.0
10.55,0.0,0.0,0.0,0.0
10.552,0.0,0.0,0.0,0.0
10.554,0.0,0.0,0.0,0.0
10.556,0.0,0.0,0.0,0.0
10.558,0.0,0.0,0.0,0.0
10.56,0.0,0.0,0.0,0.0
10.562,0.0,0.0,0.0,0.0
10.564,0.0,0.0,0.0,0.0
10.566,0.0,0.0,0.0,0.0
10.568,0.0,0.0,0.0,0.0
10.57,0.0,0.0,0.0,0.0
10.572,0.0,0.0,0.0,0.0
10.574,0.0,0.0,0.0,0.0
10.576,0.0,0.0,0.0,0.0
10.578,0.0,0.0,0.0,0.0
10.58,0.0,0.0,0.0,0.0
10.582,0.0,0.0,0.0,0.0
10.584,0.0,0.0,0.0,0.0
10.586,0.0,0.0,0.0,0.0
10.588,0.0,0.0,0.0,0.0
10.59,0.0,0.0,0.0,0.0
10.592,0.0,0.0,0.0,0.0
10.594,0.0,0.0,0.0,0.0
10.596,0.0,0.0,0.0,0.0
10.598,0.0,0.0,0.0,0.0
10.6,0.0,0.0,0.0,0.0
10.602,0.0,0.0,0.0,0.0
10.604,0.0,0.0,0.0,0.0
10.606,0.0,0.0,0.0,0.0
10.608,0.0,0.0,0.0,0.0
10.61,0.0,0.0,0.0,0.0
10.612,0.0,0.0,0.0,0.0
10.614,0.0,0.0,0.0,0.0
10.616,0.0,0.0,0.0,0.0
10.618,0.0,0.0,0.0,0.0
10.62,0.0,0.0,0.0,0.0
10.622,0.0,0.0,0.0,0.0
10.624,0.0,0.0,0.0,0.0
10.626,0.0,0.0,0.0,0.0
10.628,0.0,0.0,0.0,0.0
10.63,0.0,0.0,0.0,0.0
10.632,0.0,0.0,0.0,0.0
10.634,0.0,0.0,0.0,0.0
10.636,0.0,0.0,0.0,0.0
10.638,0.0,0.0,0.0,0.0
10.64,0.0,0.0,0.0,0.0
10.642,0.0,0.0,0.0,0.0
10.644,0.0,0.0,0.0,0.0
10.646,0.0,0.0,0.0,0.0
10.648,0.0,0.0,0.0,0.0
10.65,0.0,0.0,0.0,0.0
10.652,0.0,0.0,0.0,0.0
10.654,0.0,0.0,0.0,0.0
10.656,0.0,0.0,0.0,0.0
10.658,0.0,0.0,0.0,0.0
10.66,0.0,0.0,0.0,0.0
10.662,0.0,0.0,0.0,0.0
10.664,0.0,0.0,0.0,0.0
10.666,0.0,0.0,0.0,0.0
10.668,0.0,0.0,0.0,0.0
10.67,0.0,0.0,0.0,0.0
10.672,0.0,0.0,0.0,0.0
10.674,0.0,0.0,0.0,0.0
10.676,0.0,0.0,0.0,0.0
10.678,0.0,0.0,0.0,0.0
10.68,0.0,0.0,0.0,0.0
10.682,0.0,0.0,0.0,0.0
10.684,0.0,0.0,0.0,0.0
10.686,0.0,0.0,0.0,0.0
10.688,0.0,0.0,0.0,0.0
10.69,0.0,0.0,0.0,0.0
10.692,0.0,0.0,0.0,0.0
10.694,0.0,0.0,0.0,0.0
10.696,0.0,0.0,0.0,0.0
10.698,0.0,0.0,0.0,0.0
10.7,0.0,0.0,0.0,0.0
10.702,0.0,0.0,0.0,0.0
10.704,0.0,0.0,0.0,0.0
10.706,0.0,0.0,0.0,0.0
10.708,0.0,0.0,0.0,0.0
10.71,0.0,0.0,0.0,0.0
10.712,0.0,0.0,0.0,0.0
10.714,0.0,0.0,0.0,0.0
10.716,0.0,0.0,0.0,0.0
10.718,0.0,0.0,0.0,0.0
10.72,0.0,0.0,0.0,0.0
10.722,0.0,0.0,0.0,0.0
10.724,0.0,0.0,0.0,0.0
10.726,0.0,0.0,0.0,0.0
10.728,0.0,0.0,0.0,0.0
10.73,0.0,0.0,0.0,0.0
10.732,0.0,0.0,0.0,0.0
10.734,0.0,0.0,0.0,0.0
10.736,0.0,0.0,0.0,0.0
10.738,0.0,0.0,0.0,0.0
10.74,0.0,0.0,0.0,0.0
10.742,0.0,0.0,0.0,0.0
10.744,0.0,0.0,0.0,0.0
10.746,0.0,0.0,0.0,0.0
10.748,0.0,0.0,0.0,0.0
10.75,0.0,0.0,0.0,0.0
10.752,0.0,0.0,0.0,0.0
10.754,0.0,0.0,0.0,0.0
10.756,0.0,0.0,0.0,0.0
10.758,0.0,0.0,0.0,0.0
10.76,0.0,0.0,0.0,0.0
10.762,0.0,0.0,0.0,0.0
10.764,0.0,0.0,0.0,0.0
10.766,0.0,0.0,0.0,0.0
10.768,0.0,0.0,0.0,0.0
10.77,0.0,0.0,0.0,0.0
10.772,0.0,0.0,0.0,0.0
10.774,0.0,0.0,0.0,0.0
10.776,0.0,0.0,0.0,0.0
10.778,0.0,0.0,0.0,0.0
10.78,0.0,0.0,0.0,0.0
10.782,0.0,0.0,0.0,0.0
10.784,0.0,0.0,0.0,0.0
10.786,0.0,0.0,0.0,0.0
10.788,0.0,0.0,0.0,0.0
10.79,0.0,0.0,0.0,0.0
10.792,0.0,0.0,0.0,0.0
10.794,0.0,0.0,0.0,0.0
10.796,0.0,0.0,0.0,0.0
10.798,0.0,0.0,0.0,0.0
10.8,0.0,0.0,0.0,0.0
10.802,0.0,0.0,0.0,0.0
10.804,0.0,0.0,0.0,0.0
10.806,0.0,0.0,0.0,0.0
10.808,0.0,0.0,0.0,0.0
10.81,0.0,0.0,0.0,0.0
10.812,0.0,0.0,0.0,0.0
10.814,0.0,0.0,0.0,0.0
10.816,0.0,0.0,0.0,0.0
10.818,0.0,0.0,0.0,0.0
10.82,0.0,0.0,0.0,0.0
10.822,0.0,0.0,0.0,0.0
10.824,0.0,0.0,0.0,0.0
10.826,0.0,0.0,0.0,0.0
10.828,0.0,0.0,0.0,0.0
10.83,0.0,0.0,0.0,0.0
10.832,0.0,0.0,0.0,0.0
10.834,0.0,0.0,0.0,0.0
10.836,0.0,0.0,0.0,0.0
10.838,0.0,0.0,0.0,0.0
10.84,0.0,0.0,0.0,0.0
10.842,0.0,0.0,0.0,0.0
10.844,0.0,0.0,0.0,0.0
10.846,0.0,0.0,0.0,0.0
10.848,0.0,0.0,0.0,0.0
10.85,0.0,0.0,0.0,0.0
10.852,0.0,0.0,0.0,0.0
10.854,0.0,0.0,0.0,0.0
10.856,0.0,0.0,0.0,0.0
10.858,0.0,0.0,0.0,0.0
10.86,0.0,0.0,0.0,0.0
10.862,0.0,0.0,0.0,0.0
10.864,0.0,0.0,0.0,0.0
10.866,0.0,0.0,0.0,0.0
10.868,0.0,0.0,0.0,0.0
10.87,0.0,0.0,0.0,0.0
10.872,0.0,0.0,0.0,0.0
10.874,0.0,0.0,0.0,0.0
10.876,0.0,0.0,0.0,0.0
10.878,0.0,0.0,0.0,0.0
10.88,0.0,0.0,0.0,0.0
10.882,0.0,0.0,0.0,0.0
10.884,0.0,0.0,0.0,0.0
10.886,0.0,0.0,0.0,0.0
10.888,0.0,0.0,0.0,0.0
10.89,0.0,0.0,0.0,0.0
10.892,0.0,0.0,0.0,0.0
10.894,0.0,0.0,0.0,0.0
10.896,0.0,0.0,0.0,0.0
10.898,0.0,0.0,0.0,0.0
10.9,0.0,0.0,0.0,0.0
10.902,0.0,0.0,0.0,0.0
10.904,0.0,0.0,0.0,0.0
10.906,0.0,0.0,0.0,0.0
10.908,0.0,0.0,0.0,0.0
10.91,0.0,0.0,0.0,0.0
10.912,0.0,0.0,0.0,0.0
10.914,0.0,0.0,0.0,0.0
10.916,0.0,0.0,0.0,0.0
10.918,0.0,0.0,0.0,0.0
10.92,0.0,0.0,0.0,0.0
10.922,0.0,0.0,0.0,0.0
10.924,0.0,0.0,0.0,0.0
10.926,0.0,0.0,0.0,0.0
10.928,0.0,0.0,0.0,0.0
10.93,0.0,0.0,0.0,0.0
10.932,0.0,0.0,0.0,0.0
10.934,0.0,0.0,0.0,0.0
10.936,0.0,0.0,0.0,0.0
10.938,0.0,0.0,0.0,0.0
10.94,0.0,0.0,0.0,0.0
10.942,0.0,0.0,0.0,0.0
10.944,0.0,0.0,0.0,0.0
10.946,0.0,0.0,0.0,0.0
10.948,0.0,0.0,0.0,0.0
10.95,0.0,0.0,0.0,0.0
10.952,0.0,0.0,0.0,0.0
10.954,0.0,0.0,0.0,0.0
10.956,0.0,0.0,0.0,0.0
10.958,0.0,0.0,0.0,0.0
10.96,0.0,0.0,0.0,0.0
10.962,0.0,0.0,0.0,0.0
10.964,0.0,0.0,0.0,0.0
10.966,0.0,0.0,0.0,0.0
10.968,0.0,0.0,0.0,0.0
10.97,0.0,0.0,0.0,0.0
10.972,0.0,0.0,0.0,0.0
10.974,0.0,0.0,0.0,0.0
10.976,0.0,0.0,0.0,0.0
10.978,0.0,0.0,0.0,0.0
10.98,0.0,0.0,0.0,0.0
10.982,0.0,0.0,0.0,0.0
10.984,0.0,0.0,0.0,0.0
10.986,0.0,0.0,0.0,0.0
10.988,0.0,0.0,0.0,0.0
10.99,0.0,0.0,0.0,0.0
10.992,0.0,0.0,0.0,0.0
10.994,0.0,0.0,0.0,0.0
10.996,0.0,0.0,0.0,0.0
10.998,0.0,0.0,0.0,0.0
11.0,0.0,0.0,0.0,0.0
11.002,0.0,0.0,0.0,0.0
11.004,0.0,0.0,0.0,0.0
11.006,0.0,0.0,0.0,0.0
11.008,0.0,0.0,0.0,0.0
11.01,0.0,0.0,0.0,0.0
11.012,0.0,0.0,0.0,0.0
11.014,0.0,0.0,0.0,0.0
11.016,0.0,0.0,0.0,0.0
11.018,0.0,0.0,0.0,0.0
11.02,0.0,0.0,0.0,0.0
11.022,0.0,0.0,0.0,0.0
11.024,0.0,0.0,0.0,0.0
11.026,0.0,0.0,0.0,0.0
11.028,0.0,0.0,0.0,0.0
11.03,0.0,0.0,0.0,0.0
11.032,0.0,0.0,0.0,0.0
11.034,0.0,0.0,0.0,0.0
11.036,0.0,0.0,0.0,0.0
11.038,0.0,0.0,0.0,0.0
11.04,0.0,0.0,0.0,0.0
11.042,0.0,0.0,0.0,0.0
11.044,0.0,0.0,0.0,0.0
11.046,0.0,0.0,0.0,0.0
11.048,0.0,0.0,0.0,0.0
11.05,0.0,0.0,0.0,0.0
11.052,0.0,0.0,0.0,0.0
11.054,0.0,0.0,0.0,0.0
11.056,0.0,0.0,0.0,0.0
11.058,0.0,0.0,0.0,0.0
11.06,0.0,0.0,0.0,0.0
11.062,0.0,0.0,0.0,0.0
11.064,0.0,0.0,0.0,0.0
11.066,0.0,0.0,0.0,0.0
11.068,0.0,0.0,0.0,0.0
11.07,0.0,0.0,0.0,0.0
11.072,0.0,0.0,0.0,0.0
11.074,0.0,0.0,0.0,0.0
11.076,0.0,0.0,0.0,0.0
11.078,0.0,0.0,0.0,0.0
11.08,0.0,0.0,0.0,0.0
11.082,0.0,0.0,0.0,0.0
11.084,0.0,0.0,0.0,0.0
11.086,0.0,0.0,0.0,0.0
11.088,0.0,0.0,0.0,0.0
11.09,0.0,0.0,0.0,0.0
11.092,0.0,0.0,0.0,0.0
11.094,0.0,0.0,0.0,0.0
11.096,0.0,0.0,0.0,0.0
11.098,0.0,0.0,0.0,0.0
11.1,0.0,0.0,0.0,0.0
11.102,0.0,0.0,0.0,0.0
11.104,0.0,0.0,0.0,0.0
11.106,0.0,0.0,0.0,0.0
11.108,0.0,0.0,0.0,0.0
11.11,0.0,0.0,0.0,0.0
11.112,0.0,0.0,0.0,0.0
11.114,0.0,0.0,0.0,0.0
11.116,0.0,0.0,0.0,0.0
11.118,0.0,0.0,0.0,0.0
11.12,0.0,0.0,0.0,0.0
11.122,0.0,0.0,0.0,0.0
11.124,0.0,0.0,0.0,0.0
11.126,0.0,0.0,0.0,0.0
11.128,0.0,0.0,0.0,0.0
11.13,0.0,0.0,0.0,0.0
11.132,0.0,0.0,0.0,0.0
11.134,0.0,0.0,0.0,0.0
11.136,0.0,0.0,0.0,0.0
11.138,0.0,0.0,0.0,0.0
11.14,0.0,0.0,0.0,0.0
11.142,0.0,0.0,0.0,0.0
11.144,0.0,0.0,0.0,0.0
11.146,0.0,0.0,0.0,0.0
11.148,0.0,0.0,0.0,0.0
11.15,0.0,0.0,0.0,0.0
11.152,0.0,0.0,0.0,0.0
11.154,0.0,0.0,0.0,0.0
11.156,0.0,0.0,0.0,0.0
11.158,0.0,0.0,0.0,0.0
11.16,0.0,0.0,0.0,0.0
11.162,0.0,0.0,0.0,0.0
11.164,0.0,0.0,0.0,0.0
11.166,0.0,0.0,0.0,0.0
11.168,0.0,0.0,0.0,0.0
11.17,0.0,0.0,0.0,0.0
11.172,0.0,0.0,0.0,0.0
11.174,0.0,0.0,0.0,0.0
11.176,0.0,0.0,0.0,0.0
11.178,0.0,0.0,0.0,0.0
11.18,0.0,0.0,0.0,0.0
11.182,0.0,0.0,0.0,0.0
11.184,0.0,0.0,0.0,0.0
11.186,0.0,0.0,0.0,0.0
11.188,0.0,0.0,0.0,0.0
11.19,0.0,0.0,0.0,0.0
11.192,0.0,0.0,0.0,0.0
11.194,0.0,0.0,0.0,0.0
11.196,0.0,0.0,0.0,0.0
11.198,0.0,0.0,0.0,0.0
11.2,0.0,0.0,0.0,0.0
11.202,0.0,0.0,0.0,0.0
11.204,0.0,0.0,0.0,0.0
11.206,0.0,0.0,0.0,0.0
11.208,0.0,0.0,0.0,0.0
11.21,0.0,0.0,0.0,0.0
11.212,0.0,0.0,0.0,0.0
11.214,0.0,0.0,0.0,0.0
11.216,0.0,0.0,0.0,0.0
11.218,0.0,0.0,0.0,0.0
11.22,0.0,0.0,0.0,0.0
11.222,0.0,0.0,0.0,0.0
11.224,0.0,0.0,0.0,0.0
11.226,0.0,0.0,0.0,0.0
11.228,0.0,0.0,0.0,0.0
11.23,0.0,0.0,0.0,0.0
11.232,0.0,0.0,0.0,0.0
11.234,0.0,0.0,0.0,0.0
11.236,0.0,0.0,0.0,0.0
11.238,0.0,0.0,0.0,0.0
11.24,0.0,0.0,0.0,0.0
11.242,0.0,0.0,0.0,0.0
11.244,0.0,0.0,0.0,0.0
11.246,0.0,0.0,0.0,0.0
11.248,0.0,0.0,0.0,0.0
11.25,0.0,0.0,0.0,0.0
11.252,0.0,0.0,0.0,0.0
11.254,0.0,0.0,0.0,0.0
11.256,0.0,0.0,0.0,0.0
11.258,0.0,0.0,0.0,0.0
11.26,0.0,0.0,0.0,0.0
11.262,0.0,0.0,0.0,0.0
11.264,0.0,0.0,0.0,0.0
11.266,0.0,0.0,0.0,0.0
11.268,0.0,0.0,0.0,0.0
11.27,0.0,0.0,0.0,0.0
11.272,0.0,0.0,0.0,0.0
11.274,0.0,0.0,0.0,0.0
11.276,0.0,0.0,0.0,0.0
11.278,0.0,0.0,0.0,0.0
11.28,0.0,0.0,0.0,0.0
11.282,0.0,0.0,0.0,0.0
11.284,0.0,0.0,0.0,0.0
11.286,0.0,0.0,0.0,0.0
11.288,0.0,0.0,0.0,0.0
11.29,0.0,0.0,0.0,0.0
11.292,0.0,0.0,0.0,0.0
11.294,0.0,0.0,0.0,0.0
11.296,0.0,0.0,0.0,0.0
11.298,0.0,0.0,0.0,0.0
11.3,0.0,0.0,0.0,0.0
11.302,0.0,0.0,0.0,0.0
11.304,0.0,0.0,0.0,0.0
11.306,0.0,0.0,0.0,0.0
11.308,0.0,0.0,0.0,0.0
11.31,0.0,0.0,0.0,0.0
11.312,0.0,0.0,0.0,0.0
11.314,0.0,0.0,0.0,0.0
11.316,0.0,0.0,0.0,0.0
11.318,0.0,0.0,0.0,0.0
11.32,0.0,0.0,0.0,0.0
11.322,0.0,0.0,0.0,0.0
11.324,0.0,0.0,0.0,0.0
11.326,0.0,0.0,0.0,0.0
11.328,0.0,0.0,0.0,0.0
11.33,0.0,0.0,0.0,0.0
11.332,0.0,0.0,0.0,0.0
11.334,0.0,0.0,0.0,0.0
11.336,0.0,0.0,0.0,0.0
11.338,0.0,0.0,0.0,0.0
11.34,0.0,0.0,0.0,0.0
11.342,0.0,0.0,0.0,0.0
11.344,0.0,0.0,0.0,0.0
11.346,0.0,0.0,0.0,0.0
11.348,0.0,0.0,0.0,0.0
11.35,0.0,0.0,0.0,0.0
11.352,0.0,0.0,0.0,0.0
11.354,0.0,0.0,0.0,0.0
11.356,0.0,0.0,0.0,0.0
11.358,0.0,0.0,0.0,0.0
11.36,0.0,0.0,0.0,0.0
11.362,0.0,0.0,0.0,0.0
11.364,0.0,0.0,0.0,0.0
11.366,0.0,0.0,0.0,0.0
11.368,0.0,0.0,0.0,0.0
11.37,0.0,0.0,0.0,0.0
11.372,0.0,0.0,0.0,0.0
11.374,0.0,0.0,0.0,0.0
11.376,0.0,0.0,0.0,0.0
11.378,0.0,0.0,0.0,0.0
11.38,0.0,0.0,0.0,0.0
11.382,0.0,0.0,0.0,0.0
11.384,0.0,0.0,0.0,0.0
11.386,0.0,0.0,0.0,0.0
11.388,0.0,0.0,0.0,0.0
11.39,0.0,0.0,0.0,0.0
11.392,0.0,0.0,0.0,0.0
11.394,0.0,0.0,0.0,0.0
11.396,0.0,0.0,0.0,0.0
11.398,0.0,0.0,0.0,0.0
11.4,0.0,0.0,0.0,0.0
11.402,0.0,0.0,0.0,0.0
11.404,0.0,0.0,0.0,0.0
11.406,0.0,0.0,0.0,0.0
11.408,0.0,0.0,0.0,0.0
11.41,0.0,0.0,0.0,0.0
11.412,0.0,0.0,0.0,0.0
11.414,0.0,0.0,0.0,0.0
11.416,0.0,0.0,0.0,0.0
11.418,0.0,0.0,0.0,0.0
11.42,0.0,0.0,0.0,0.0
11.422,0.0,0.0,0.0,0.0
11.424,0.0,0.0,0.0,0.0
11.426,0.0,0.0,0.0,0.0
11.428,0.0,0.0,0.0,0.0
11.43,0.0,0.0,0.0,0.0
11.432,0.0,0.0,0.0,0.0
11.434,0.0,0.0,0.0,0.0
11.436,0.0,0.0,0.0,0.0
11.438,0.0,0.0,0.0,0.0
11.44,0.0,0.0,0.0,0.0
11.442,0.0,0.0,0.0,0.0
11.444,0.0,0.0,0.0,0.0
11.446,0.0,0.0,0.0,0.0
11.448,0.0,0.0,0.0,0.0
11.45,0.0,0.0,0.0,0.0
11.452,0.0,0.0,0.0,0.0
11.454,0.0,0.0,0.0,0.0
11.456,0.0,0.0,0.0,0.0
11.458,0.0,0.0,0.0,0.0
11.46,0.0,0.0,0.0,0.0
11.462,0.0,0.0,0.0,0.0
11.464,0.0,0.0,0.0,0.0
11.466,0.0,0.0,0.0,0.0
11.468,0.0,0.0,0.0,0.0
11.47,0.0,0.0,0.0,0.0
11.472,0.0,0.0,0.0,0.0
11.474,0.0,0.0,0.0,0.0
11.476,0.0,0.0,0.0,0.0
11.478,0.0,0.0,0.0,0.0
11.48,0.0,0.0,0.0,0.0
11.482,0.0,0.0,0.0,0.0
11.484,0.0,0.0,0.0,0.0
11.486,0.0,0.0,0.0,0.0
11.488,0.0,0.0,0.0,0.0
11.49,0.0,0.0,0.0,0.0
11.492,0.0,0.0,0.0,0.0
11.494,0.0,0.0,0.0,0.0
11.496,0.0,0.0,0.0,0.0
11.498,0.0,0.0,0.0,0.0
11.5,0.0,0.0,0.0,0.0
11.502,0.0,0.0,0.0,0.0
11.504,0.0,0.0,0.0,0.0
11.506,0.0,0.0,0.0,0.0
11.508,0.0,0.0,0.0,0.0
11.51,0.0,0.0,0.0,0.0
11.512,0.0,0.0,0.0,0.0
11.514,0.0,0.0,0.0,0.0
11.516,0.0,0.0,0.0,0.0
11.518,0.0,0.0,0.0,0.0
11.52,0.0,0.0,0.0,0.0
11.522,0.0,0.0,0.0,0.0
11.524,0.0,0.0,0.0,0.0
11.526,0.0,0.0,0.0,0.0
11.528,0.0,0.0,0.0,0.0
11.53,0.0,0.0,0.0,0.0
11.532,0.0,0.0,0.0,0.0
11.534,0.0,0.0,0.0,0.0
11.536,0.0,0.0,0.0,0.0
11.538,0.0,0.0,0.0,0.0
11.54,0.0,0.0,0.0,0.0
11.542,0.0,0.0,0.0,0.0
11.544,0.0,0.0,0.0,0.0
11.546,0.0,0.0,0.0,0.0
11.548,0.0,0.0,0.0,0.0
11.55,0.0,0.0,0.0,0.0
11.552,0.0,0.0,0.0,0.0
11.554,0.0,0.0,0.0,0.0
11.556,0.0,0.0,0.0,0.0
11.558,0.0,0.0,0.0,0.0
11.56,0.0,0.0,0.0,0.0
11.562,0.0,0.0,0.0,0.0
11.564,0.0,0.0,0.0,0.0
11.566,0.0,0.0,0.0,0.0
11.568,0.0,0.0,0.0,0.0
11.57,0.0,0.0,0.0,0.0
11.572,0.0,0.0,0.0,0.0
11.574,0.0,0.0,0.0,0.0
11.576,0.0,0.0,0.0,0.0
11.578,0.0,0.0,0.0,0.0
11.58,0.0,0.0,0.0,0.0
11.582,0.0,0.0,0.0,0.0
11.584,0.0,0.0,0.0,0.0
11.586,0.0,0.0,0.0,0.0
11.588,0.0,0.0,0.0,0.0
11.59,0.0,0.0,0.0,0.0
11.592,0.0,0.0,0.0,0.0
11.594,0.0,0.0,0.0,0.0
11.596,0.0,0.0,0.0,0.0
11.598,0.0,0.0,0.0,0.0
11.6,0.0,0.0,0.0,0.0
11.602,0.0,0.0,0.0,0.0
11.604,0.0,0.0,0.0,0.0
11.606,0.0,0.0,0.0,0.0
11.608,0.0,0.0,0.0,0.0
11.61,0.0,0.0,0.0,0.0
11.612,0.0,0.0,0.0,0.0
11.614,0.0,0.0,0.0,0.0
11.616,0.0,0.0,0.0,0.0
11.618,0.0,0.0,0.0,0.0
11.62,0.0,0.0,0.0,0.0
11.622,0.0,0.0,0.0,0.0
11.624,0.0,0.0,0.0,0.0
11.626,0.0,0.0,0.0,0.0
11.628,0.0,0.0,0.0,0.0
11.63,0.0,0.0,0.0,0.0
11.632,0.0,0.0,0.0,0.0
11.634,0.0,0.0,0.0,0.0
11.636,0.0,0.0,0.0,0.0
11.638,0.0,0.0,0.0,0.0
11.64,0.0,0.0,0.0,0.0
11.642,0.0,0.0,0.0,0.0
11.644,0.0,0.0,0.0,0.0
11.646,0.0,0.0,0.0,0.0
11.648,0.0,0.0,0.0,0.0
11.65,0.0,0.0,0.0,0.0
11.652,0.0,0.0,0.0,0.0
11.654,0.0,0.0,0.0,0.0
11.656,0.0,0.0,0.0,0.0
11.658,0.0,0.0,0.0,0.0
11.66,0.0,0.0,0.0,0.0
11.662,0.0,0.0,0.0,0.0
11.664,0.0,0.0,0.0,0.0
11.666,0.0,0.0,0.0,0.0
11.668,0.0,0.0,0.0,0.0
11.67,0.0,0.0,0.0,0.0
11.672,0.0,0.0,0.0,0.0
11.674,0.0,0.0,0.0,0.0
11.676,0.0,0.0,0.0,0.0
11.678,0.0,0.0,0.0,0.0
11.68,0.0,0.0,0.0,0.0
11.682,0.0,0.0,0.0,0.0
11.684,0.0,0.0,0.0,0.0
11.686,0.0,0.0,0.0,0.0
11.688,0.0,0.0,0.0,0.0
11.69,0.0,0.0,0.0,0.0
11.692,0.0,0.0,0.0,0.0
11.694,0.0,0.0,0.0,0.0
11.696,0.0,0.0,0.0,0.0
11.698,0.0,0.0,0.0,0.0
11.7,0.0,0.0,0.0,0.0
11.702,0.0,0.0,0.0,0.0
11.704,0.0,0.0,0.0,0.0
11.706,0.0,0.0,0.0,0.0
11.708,0.0,0.0,0.0,0.0
11.71,0.0,0.0,0.0,0.0
11.712,0.0,0.0,0.0,0.0
11.714,0.0,0.0,0.0,0.0
11.716,0.0,0.0,0.0,0.0
11.718,0.0,0.0,0.0,0.0
11.72,0.0,0.0,0.0,0.0
11.722,0.0,0.0,0.0,0.0
11.724,0.0,0.0,0.0,0.0
11.726,0.0,0.0,0.0,0.0
11.728,0.0,0.0,0.0,0.0
11.73,0.0,0.0,0.0,0.0
11.732,0.0,0.0,0.0,0.0
11.734,0.0,0.0,0.0,0.0
11.736,0.0,0.0,0.0,0.0
11.738,0.0,0.0,0.0,0.0
11.74,0.0,0.0,0.0,0.0
11.742,0.0,0.0,0.0,0.0
11.744,0.0,0.0,0.0,0.0
11.746,0.0,0.0,0.0,0.0
11.748,0.0,0.0,0.0,0.0
11.75,0.0,0.0,0.0,0.0
11.752,0.0,0.0,0.0,0.0
11.754,0.0,0.0,0.0,0.0
11.756,0.0,0.0,0.0,0.0
11.758,0.0,0.0,0.0,0.0
11.76,0.0,0.0,0.0,0.0
11.762,0.0,0.0,0.0,0.0
11.764,0.0,0.0,0.0,0.0
11.766,0.0,0.0,0.0,0.0
11.768,0.0,0.0,0.0,0.0
11.77,0.0,0.0,0.0,0.0
11.772,0.0,0.0,0.0,0.0
11.774,0.0,0.0,0.0,0.0
11.776,0.0,0.0,0.0,0.0
11.778,0.0,0.0,0.0,0.0
11.78,0.0,0.0,0.0,0.0
11.782,0.0,0.0,0.0,0.0
11.784,0.0,0.0,0.0,0.0
11.786,0.0,0.0,0.0,0.0
11.788,0.0,0.0,0.0,0.0
11.79,0.0,0.0,0.0,0.0
11.792,0.0,0.0,0.0,0.0
11.794,0.0,0.0,0.0,0.0
11.796,0.0,0.0,0.0,0.0
11.798,0.0,0.0,0.0,0.0
11.8,0.0,0.0,0.0,0.0
11.802,0.0,0.0,0.0,0.0
11.804,0.0,0.0,0.0,0.0
11.806,0.0,0.0,0.0,0.0
11.808,0.0,0.0,0.0,0.0
11.81,0.0,0.0,0.0,0.0
11.812,0.0,0.0,0.0,0.0
11.814,0.0,0.0,0.0,0.0
11.816,0.0,0.0,0.0,0.0
11.818,0.0,0.0,0.0,0.0
11.82,0.0,0.0,0.0,0.0
11.822,0.0,0.0,0.0,0.0
11.824,0.0,0.0,0.0,0.0
11.826,0.0,0.0,0.0,0.0
11.828,0.0,0.0,0.0,0.0
11.83,0.0,0.0,0.0,0.0
11.832,0.0,0.0,0.0,0.0
11.834,0.0,0.0,0.0,0.0
11.836,0.0,0.0,0.0,0.0
11.838,0.0,0.0,0.0,0.0
11.84,0.0,0.0,0.0,0.0
11.842,0.0,0.0,0.0,0.0
11.844,0.0,0.0,0.0,0.0
11.846,0.0,0.0,0.0,0.0
11.848,0.0,0.0,0.0,0.0
11.85,0.0,0.0,0.0,0.0
11.852,0.0,0.0,0.0,0.0
11.854,0.0,0.0,0.0,0.0
11.856,0.0,0.0,0.0,0.0
11.858,0.0,0.0,0.0,0.0
11.86,0.0,0.0,0.0,0.0
11.862,0.0,0.0,0.0,0.0
11.864,0.0,0.0,0.0,0.0
11.866,0.0,0.0,0.0,0.0
11.868,0.0,0.0,0.0,0.0
11.87,0.0,0.0,0.0,0.0
11.872,0.0,0.0,0.0,0.0
11.874,0.0,0.0,0.0,0.0
11.876,0.0,0.0,0.0,0.0
11.878,0.0,0.0,0.0,0.0
11.88,0.0,0.0,0.0,0.0
11.882,0.0,0.0,0.0,0.0
11.884,0.0,0.0,0.0,0.0
11.886,0.0,0.0,0.0,0.0
11.888,0.0,0.0,0.0,0.0
11.89,0.0,0.0,0.0,0.0
11.892,0.0,0.0,0.0,0.0
11.894,0.0,0.0,0.0,0.0
11.896,0.0,0.0,0.0,0.0
11.898,0.0,0.0,0.0,0.0
11.9,0.0,0.0,0.0,0.0
11.902,0.0,0.0,0.0,0.0
11.904,0.0,0.0,0.0,0.0
11.906,0.0,0.0,0.0,0.0
11.908,0.0,0.0,0.0,0.0
11.91,0.0,0.0,0.0,0.0
11.912,0.0,0.0,0.0,0.0
11.914,0.0,0.0,0.0,0.0
11.916,0.0,0.0,0.0,0.0
11.918,0.0,0.0,0.0,0.0
11.92,0.0,0.0,0.0,0.0
11.922,0.0,0.0,0.0,0.0
11.924,0.0,0.0,0.0,0.0
11.926,0.0,0.0,0.0,0.0
11.928,0.0,0.0,0.0,0.0
11.93,0.0,0.0,0.0,0.0
11.932,0.0,0.0,0.0,0.0
11.934,0.0,0.0,0.0,0.0
11.936,0.0,0.0,0.0,0.0
11.938,0.0,0.0,0.0,0.0
11.94,0.0,0.0,0.0,0.0
11.942,0.0,0.0,0.0,0.0
11.944,0.0,0.0,0.0,0.0
11.946,0.0,0.0,0.0,0.0
11.948,0.0,0.0,0.0,0.0
11.95,0.0,0.0,0.0,0.0
11.952,0.0,0.0,0.0,0.0
11.954,0.0,0.0,0.0,0.0
11.956,0.0,0.0,0.0,0.0
11.958,0.0,0.0,0.0,0.0
11.96,0.0,0.0,0.0,0.0
11.962,0.0,0.0,0.0,0.0
11.964,0.0,0.0,0.0,0.0
11.966,0.0,0.0,0.0,0.0
11.968,0.0,0.0,0.0,0.0
11.97,0.0,0.0,0.0,0.0
11.972,0.0,0.0,0.0,0.0
11.974,0.0,0.0,0.0,0.0
11.976,0.0,0.0,0.0,0.0
11.978,0.0,0.0,0.0,0.0
11.98,0.0,0.0,0.0,0.0
11.982,0.0,0.0,0.0,0.0
11.984,0.0,0.0,0.0,0.0
11.986,0.0,0.0,0.0,0.0
11.988,0.0,0.0,0.0,0.0
11.99,0.0,0.0,0.0,0.0
11.992,0.0,0.0,0.0,0.0
11.994,0.0,0.0,0.0,0.0
11.996,0.0,0.0,0.0,0.0
11.998,0.0,0.0,0.0,0.0
12.0,0.0,0.0,0.0,0.0
12.002,0.0,0.0,0.0,0.0
12.004,0.0,0.0,0.0,0.0
12.006,0.0,0.0,0.0,0.0
12.008,0.0,0.0,0.0,0.0
12.01,0.0,0.0,0.0,0.0
12.012,0.0,0.0,0.0,0.0
12.014,0.0,0.0,0.0,0.0
12.016,0.0,0.0,0.0,0.0
12.018,0.0,0.0,0.0,0.0
12.02,0.0,0.0,0.0,0.0
12.022,0.0,0.0,0.0,0.0
12.024,0.0,0.0,0.0,0.0
12.026,0.0,0.0,0.0,0.0
12.028,0.0,0.0,0.0,0.0
12.03,0.0,0.0,0.0,0.0
12.032,0.0,0.0,0.0,0.0
12.034,0.0,0.0,0.0,0.0
12.036,0.0,0.0,0.0,0.0
12.038,0.0,0.0,0.0,0.0
12.04,0.0,0.0,0.0,0.0
12.042,0.0,0.0,0.0,0.0
12.044,0.0,0.0,0.0,0.0
12.046,0.0,0.0,0.0,0.0
12.048,0.0,0.0,0.0,0.0
12.05,0.0,0.0,0.0,0.0
12.052,0.0,0.0,0.0,0.0
12.054,0.0,0.0,0.0,0.0
12.056,0.0,0.0,0.0,0.0
12.058,0.0,0.0,0.0,0.0
12.06,0.0,0.0,0.0,0.0
12.062,0.0,0.0,0.0,0.0
12.064,0.0,0.0,0.0,0.0
12.066,0.0,0.0,0.0,0.0
12.068,0.0,0.0,0.0,0.0
12.07,0.0,0.0,0.0,0.0
12.072,0.0,0.0,0.0,0.0
12.074,0.0,0.0,0.0,0.0
12.076,0.0,0.0,0.0,0.0
12.078,0.0,0.0,0.0,0.0
12.08,0.0,0.0,0.0,0.0
12.082,0.0,0.0,0.0,0.0
12.084,0.0,0.0,0.0,0.0
12.086,0.0,0.0,0.0,0.0
12.088,0.0,0.0,0.0,0.0
12.09,0.0,0.0,0.0,0.0
12.092,0.0,0.0,0.0,0.0
12.094,0.0,0.0,0.0,0.0
12.096,0.0,0.0,0.0,0.0
12.098,0.0,0.0,0.0,0.0
12.1,0.0,0.0,0.0,0.0
12.102,0.0,0.0,0.0,0.0
12.104,0.0,0.0,0.0,0.0
12.106,0.0,0.0,0.0,0.0
12.108,0.0,0.0,0.0,0.0
12.11,0.0,0.0,0.0,0.0
12.112,0.0,0.0,0.0,0.0
12.114,0.0,0.0,0.0,0.0
12.116,0.0,0.0,0.0,0.0
12.118,0.0,0.0,0.0,0.0
12.12,0.0,0.0,0.0,0.0
12.122,0.0,0.0,0.0,0.0
12.124,0.0,0.0,0.0,0.0
12.126,0.0,0.0,0.0,0.0
12.128,0.0,0.0,0.0,0.0
12.13,0.0,0.0,0.0,0.0
12.132,0.0,0.0,0.0,0.0
12.134,0.0,0.0,0.0,0.0
12.136,0.0,0.0,0.0,0.0
12.138,0.0,0.0,0.0,0.0
12.14,0.0,0.0,0.0,0.0
12.142,0.0,0.0,0.0,0.0
12.144,0.0,0.0,0.0,0.0
12.146,0.0,0.0,0.0,0.0
12.148,0.0,0.0,0.0,0.0
12.15,0.0,0.0,0.0,0.0
12.152,0.0,0.0,0.0,0.0
12.154,0.0,0.0,0.0,0.0
12.156,0.0,0.0,0.0,0.0
12.158,0.0,0.0,0.0,0.0
12.16,0.0,0.0,0.0,0.0
12.162,0.0,0.0,0.0,0.0
12.164,0.0,0.0,0.0,0.0
12.166,0.0,0.0,0.0,0.0
12.168,0.0,0.0,0.0,0.0
12.17,0.0,0.0,0.0,0.0
12.172,0.0,0.0,0.0,0.0
12.174,0.0,0.0,0.0,0.0
12.176,0.0,0.0,0.0,0.0
12.178,0.0,0.0,0.0,0.0
12.18,0.0,0.0,0.0,0.0
12.182,0.0,0.0,0.0,0.0
12.184,0.0,0.0,0.0,0.0
12.186,0.0,0.0,0.0,0.0
12.188,0.0,0.0,0.0,0.0
12.19,0.0,0.0,0.0,0.0
12.192,0.0,0.0,0.0,0.0
12.194,0.0,0.0,0.0,0.0
12.196,0.0,0.0,0.0,0.0
12.198,0.0,0.0,0.0,0.0
12.2,0.0,0.0,0.0,0.0
12.202,0.0,0.0,0.0,0.0
12.204,0.0,0.0,0.0,0.0
12.206,0.0,0.0,0.0,0.0
12.208,0.0,0.0,0.0,0.0
12.21,0.0,0.0,0.0,0.0
12.212,0.0,0.0,0.0,0.0
12.214,0.0,0.0,0.0,0.0
12.216,0.0,0.0,0.0,0.0
12.218,0.0,0.0,0.0,0.0
12.22,0.0,0.0,0.0,0.0
12.222,0.0,0.0,0.0,0.0
12.224,0.0,0.0,0.0,0.0
12.226,0.0,0.0,0.0,0.0
12.228,0.0,0.0,0.0,0.0
12.23,0.0,0.0,0.0,0.0
12.232,0.0,0.0,0.0,0.0
12.234,0.0,0.0,0.0,0.0
12.236,0.0,0.0,0.0,0.0
12.238,0.0,0.0,0.0,0.0
12.24,0.0,0.0,0.0,0.0
12.242,0.0,0.0,0.0,0.0
12.244,0.0,0.0,0.0,0.0
12.246,0.0,0.0,0.0,0.0
12.248,0.0,0.0,0.0,0.0
12.25,0.0,0.0,0.0,0.0
12.252,0.0,0.0,0.0,0.0
12.254,0.0,0.0,0.0,0.0
12.256,0.0,0.0,0.0,0.0
12.258,0.0,0.0,0.0,0.0
12.26,0.0,0.0,0.0,0.0
12.262,0.0,0.0,0.0,0.0
12.264,0.0,0.0,0.0,0.0
12.266,0.0,0.0,0.0,0.0
12.268,0.0,0.0,0.0,0.0
12.27,0.0,0.0,0.0,0.0
12.272,0.0,0.0,0.0,0.0
12.274,0.0,0.0,0.0,0.0
12.276,0.0,0.0,0.0,0.0
12.278,0.0,0.0,0.0,0.0
12.28,0.0,0.0,0.0,0.0
12.282,0.0,0.0,0.0,0.0
12.284,0.0,0.0,0.0,0.0
12.286,0.0,0.0,0.0,0.0
12.288,0.0,0.0,0.0,0.0
12.29,0.0,0.0,0.0,0.0
12.292,0.0,0.0,0.0,0.0
12.294,0.0,0.0,0.0,0.0
12.296,0.0,0.0,0.0,0.0
12.298,0.0,0.0,0.0,0.0
12.3,0.0,0.0,0.0,0.0
12.302,0.0,0.0,0.0,0.0
12.304,0.0,0.0,0.0,0.0
12.306,0.0,0.0,0.0,0.0
12.308,0.0,0.0,0.0,0.0
12.31,0.0,0.0,0.0,0.0
12.312,0.0,0.0,0.0,0.0
12.314,0.0,0.0,0.0,0.0
12.316,0.0,0.0,0.0,0.0
12.318,0.0,0.0,0.0,0.0
12.32,0.0,0.0,0.0,0.0
12.322,0.0,0.0,0.0,0.0
12.324,0.0,0.0,0.0,0.0
12.326,0.0,0.0,0.0,0.0
12.328,0.0,0.0,0.0,0.0
12.33,0.0,0.0,0.0,0.0
12.332,0.0,0.0,0.0,0.0
12.334,0.0,0.0,0.0,0.0
12.336,0.0,0.0,0.0,0.0
12.338,0.0,0.0,0.0,0.0
12.34,0.0,0.0,0.0,0.0
12.342,0.0,0.0,0.0,0.0
12.344,0.0,0.0,0.0,0.0
12.346,0.0,0.0,0.0,0.0
12.348,0.0,0.0,0.0,0.0
12.35,0.0,0.0,0.0,0.0
12.352,0.0,0.0,0.0,0.0
12.354,0.0,0.0,0.0,0.0
12.356,0.0,0.0,0.0,0.0
12.358,0.0,0.0,0.0,0.0
12.36,0.0,0.0,0.0,0.0
12.362,0.0,0.0,0.0,0.0
12.364,0.0,0.0,0.0,0.0
12.366,0.0,0.0,0.0,0.0
12.368,0.0,0.0,0.0,0.0
12.37,0.0,0.0,0.0,0.0
12.372,0.0,0.0,0.0,0.0
12.374,0.0,0.0,0.0,0.0
12.376,0.0,0.0,0.0,0.0
12.378,0.0,0.0,0.0,0.0
12.38,0.0,0.0,0.0,0.0
12.382,0.0,0.0,0.0,0.0
12.384,0.0,0.0,0.0,0.0
12.386,0.0,0.0,0.0,0.0
12.388,0.0,0.0,0.0,0.0
12.39,0.0,0.0,0.0,0.0
12.392,0.0,0.0,0.0,0.0
12.394,0.0,0.0,0.0,0.0
12.396,0.0,0.0,0.0,0.0
12.398,0.0,0.0,0.0,0.0
12.4,0.0,0.0,0.0,0.0
12.402,0.0,0.0,0.0,0.0
12.404,0.0,0.0,0.0,0.0
12.406,0.0,0.0,0.0,0.0
12.408,0.0,0.0,0.0,0.0
12.41,0.0,0.0,0.0,0.0
12.412,0.0,0.0,0.0,0.0
12.414,0.0,0.0,0.0,0.0
12.416,0.0,0.0,0.0,0.0
12.418,0.0,0.0,0.0,0.0
12.42,0.0,0.0,0.0,0.0
12.422,0.0,0.0,0.0,0.0
12.424,0.0,0.0,0.0,0.0
12.426,0.0,0.0,0.0,0.0
12.428,0.0,0.0,0.0,0.0
12.43,0.0,0.0,0.0,0.0
12.432,0.0,0.0,0.0,0.0
12.434,0.0,0.0,0.0,0.0
12.436,0.0,0.0,0.0,0.0
12.438,0.0,0.0,0.0,0.0
12.44,0.0,0.0,0.0,0.0
12.442,0.0,0.0,0.0,0.0
12.444,0.0,0.0,0.0,0.0
12.446,0.0,0.0,0.0,0.0
12.448,0.0,0.0,0.0,0.0
12.45,0.0,0.0,0.0,0.0
12.452,0.0,0.0,0.0,0.0
12.454,0.0,0.0,0.0,0.0
12.456,0.0,0.0,0.0,0.0
12.458,0.0,0.0,0.0,0.0
12.46,0.0,0.0,0.0,0.0
12.462,0.0,0.0,0.0,0.0
12.464,0.0,0.0,0.0,0.0
12.466,0.0,0.0,0.0,0.0
12.468,0.0,0.0,0.0,0.0
12.47,0.0,0.0,0.0,0.0
12.472,0.0,0.0,0.0,0.0
12.474,0.0,0.0,0.0,0.0
12.476,0.0,0.0,0.0,0.0
12.478,0.0,0.0,0.0,0.0
12.48,0.0,0.0,0.0,0.0
12.482,0.0,0.0,0.0,0.0
12.484,0.0,0.0,0.0,0.0
12.486,0.0,0.0,0.0,0.0
12.488,0.0,0.0,0.0,0.0
12.49,0.0,0.0,0.0,0.0
12.492,0.0,0.0,0.0,0.0
12.494,0.0,0.0,0.0,0.0
12.496,0.0,0.0,0.0,0.0
12.498,0.0,0.0,0.0,0.0
12.5,0.0,0.0,0.0,0.0
12.502,0.0,0.0,0.0,0.0
12.504,0.0,0.0,0.0,0.0
12.506,0.0,0.0,0.0,0.0
12.508,0.0,0.0,0.0,0.0
12.51,0.0,0.0,0.0,0.0
12.512,0.0,0.0,0.0,0.0
12.514,0.0,0.0,0.0,0.0
12.516,0.0,0.0,0.0,0.0
12.518,0.0,0.0,0.0,0.0
12.52,0.0,0.0,0.0,0.0
12.522,0.0,0.0,0.0,0.0
12.524,0.0,0.0,0.0,0.0
12.526,0.0,0.0,0.0,0.0
12.528,0.0,0.0,0.0,0.0
12.53,0.0,0.0,0.0,0.0
12.532,0.0,0.0,0.0,0.0
12.534,0.0,0.0,0.0,0.0
12.536,0.0,0.0,0.0,0.0
12.538,0.0,0.0,0.0,0.0
12.54,0.0,0.0,0.0,0.0
12.542,0.0,0.0,0.0,0.0
12.544,0.0,0.0,0.0,0.0
12.546,0.0,0.0,0.0,0.0
12.548,0.0,0.0,0.0,0.0
12.55,0.0,0.0,0.0,0.0
12.552,0.0,0.0,0.0,0.0
12.554,0.0,0.0,0.0,0.0
12.556,0.0,0.0,0.0,0.0
12.558,0.0,0.0,0.0,0.0
12.56,0.0,0.0,0.0,0.0
12.562,0.0,0.0,0.0,0.0
12.564,0.0,0.0,0.0,0.0
12.566,0.0,0.0,0.0,0.0
12.568,0.0,0.0,0.0,0.0
12.57,0.0,0.0,0.0,0.0
12.572,0.0,0.0,0.0,0.0
12.574,0.0,0.0,0.0,0.0
12.576,0.0,0.0,0.0,0.0
12.578,0.0,0.0,0.0,0.0
12.58,0.0,0.0,0.0,0.0
12.582,0.0,0.0,0.0,0.0
12.584,0.0,0.0,0.0,0.0
12.586,0.0,0.0,0.0,0.0
12.588,0.0,0.0,0.0,0.0
12.59,0.0,0.0,0.0,0.0
12.592,0.0,0.0,0.0,0.0
12.594,0.0,0.0,0.0,0.0
12.596,0.0,0.0,0.0,0.0
12.598,0.0,0.0,0.0,0.0
12.6,0.0,0.0,0.0,0.0
12.602,0.0,0.0,0.0,0.0
12.604,0.0,0.0,0.0,0.0
12.606,0.0,0.0,0.0,0.0
12.608,0.0,0.0,0.0,0.0
12.61,0.0,0.0,0.0,0.0
12.612,0.0,0.0,0.0,0.0
12.614,0.0,0.0,0.0,0.0
12.616,0.0,0.0,0.0,0.0
12.618,0.0,0.0,0.0,0.0
12.62,0.0,0.0,0.0,0.0
12.622,0.0,0.0,0.0,0.0
12.624,0.0,0.0,0.0,0.0
12.626,0.0,0.0,0.0,0.0
12.628,0.0,0.0,0.0,0.0
12.63,0.0,0.0,0.0,0.0
12.632,0.0,0.0,0.0,0.0
12.634,0.0,0.0,0.0,0.0
12.636,0.0,0.0,0.0,0.0
12.638,0.0,0.0,0.0,0.0
12.64,0.0,0.0,0.0,0.0
12.642,0.0,0.0,0.0,0.0
12.644,0.0,0.0,0.0,0.0
12.646,0.0,0.0,0.0,0.0
12.648,0.0,0.0,0.0,0.0
12.65,0.0,0.0,0.0,0.0
12.652,0.0,0.0,0.0,0.0
12.654,0.0,0.0,0.0,0.0
12.656,0.0,0.0,0.0,0.0
12.658,0.0,0.0,0.0,0.0
12.66,0.0,0.0,0.0,0.0
12.662,0.0,0.0,0.0,0.0
12.664,0.0,0.0,0.0,0.0
12.666,0.0,0.0,0.0,0.0
12.668,0.0,0.0,0.0,0.0
12.67,0.0,0.0,0.0,0.0
12.672,0.0,0.0,0.0,0.0
12.674,0.0,0.0,0.0,0.0
12.676,0.0,0.0,0.0,0.0
12.678,0.0,0.0,0.0,0.0
12.68,0.0,0.0,0.0,0.0
12.682,0.0,0.0,0.0,0.0
12.684,0.0,0.0,0.0,0.0
12.686,0.0,0.0,0.0,0.0
12.688,0.0,0.0,0.0,0.0
12.69,0.0,0.0,0.0,0.0
12.692,0.0,0.0,0.0,0.0
12.694,0.0,0.0,0.0,0.0
12.696,0.0,0.0,0.0,0.0
12.698,0.0,0.0,0.0,0.0
12.7,0.0,0.0,0.0,0.0
12.702,0.0,0.0,0.0,0.0
12.704,0.0,0.0,0.0,0.0
12.706,0.0,0.0,0.0,0.0
12.708,0.0,0.0,0.0,0.0
12.71,0.0,0.0,0.0,0.0
12.712,0.0,0.0,0.0,0.0
12.714,0.0,0.0,0.0,0.0
12.716,0.0,0.0,0.0,0.0
12.718,0.0,0.0,0.0,0.0
12.72,0.0,0.0,0.0,0.0
12.722,0.0,0.0,0.0,0.0
12.724,0.0,0.0,0.0,0.0
12.726,0.0,0.0,0.0,0.0
12.728,0.0,0.0,0.0,0.0
12.73,0.0,0.0,0.0,0.0
12.732,0.0,0.0,0.0,0.0
12.734,0.0,0.0,0.0,0.0
12.736,0.0,0.0,0.0,0.0
12.738,0.0,0.0,0.0,0.0
12.74,0.0,0.0,0.0,0.0
12.742,0.0,0.0,0.0,0.0
12.744,0.0,0.0,0.0,0.0
12.746,0.0,0.0,0.0,0.0
12.748,0.0,0.0,0.0,0.0
12.75,0.0,0.0,0.0,0.0
12.752,0.0,0.0,0.0,0.0
12.754,0.0,0.0,0.0,0.0
12.756,0.0,0.0,0.0,0.0
12.758,0.0,0.0,0.0,0.0
12.76,0.0,0.0,0.0,0.0
12.762,0.0,0.0,0.0,0.0
12.764,0.0,0.0,0.0,0.0
12.766,0.0,0.0,0.0,0.0
12.768,0.0,0.0,0.0,0.0
12.77,0.0,0.0,0.0,0.0
12.772,0.0,0.0,0.0,0.0
12.774,0.0,0.0,0.0,0.0
12.776,0.0,0.0,0.0,0.0
12.778,0.0,0.0,0.0,0.0
12.78,0.0,0.0,0.0,0.0
12.782,0.0,0.0,0.0,0.0
12.784,0.0,0.0,0.0,0.0
12.786,0.0,0.0,0.0,0.0
12.788,0.0,0.0,0.0,0.0
12.79,0.0,0.0,0.0,0.0
12.792,0.0,0.0,0.0,0.0
12.794,0.0,0.0,0.0,0.0
12.796,0.0,0.0,0.0,0.0
12.798,0.0,0.0,0.0,0.0
12.8,0.0,0.0,0.0,0.0
12.802,0.0,0.0,0.0,0.0
12.804,0.0,0.0,0.0,0.0
12.806,0.0,0.0,0.0,0.0
12.808,0.0,0.0,0.0,0.0
12.81,0.0,0.0,0.0,0.0
12.812,0.0,0.0,0.0,0.0
12.814,0.0,0.0,0.0,0.0
12.816,0.0,0.0,0.0,0.0
12.818,0.0,0.0,0.0,0.0
12.82,0.0,0.0,0.0,0.0
12.822,0.0,0.0,0.0,0.0
12.824,0.0,0.0,0.0,0.0
12.826,0.0,0.0,0.0,0.0
12.828,0.0,0.0,0.0,0.0
12.83,0.0,0.0,0.0,0.0
12.832,0.0,0.0,0.0,0.0
12.834,0.0,0.0,0.0,0.0
12.836,0.0,0.0,0.0,0.0
12.838,0.0,0.0,0.0,0.0
12.84,0.0,0.0,0.0,0.0
12.842,0.0,0.0,0.0,0.0
12.844,0.0,0.0,0.0,0.0
12.846,0.0,0.0,0.0,0.0
12.848,0.0,0.0,0.0,0.0
12.85,0.0,0.0,0.0,0.0
12.852,0.0,0.0,0.0,0.0
12.854,0.0,0.0,0.0,0.0
12.856,0.0,0.0,0.0,0.0
12.858,0.0,0.0,0.0,0.0
12.86,0.0,0.0,0.0,0.0
12.862,0.0,0.0,0.0,0.0
12.864,0.0,0.0,0.0,0.0
12.866,0.0,0.0,0.0,0.0
12.868,0.0,0.0,0.0,0.0
12.87,0.0,0.0,0.0,0.0
12.872,0.0,0.0,0.0,0.0
12.874,0.0,0.0,0.0,0.0
12.876,0.0,0.0,0.0,0.0
12.878,0.0,0.0,0.0,0.0
12.88,0.0,0.0,0.0,0.0
12.882,0.0,0.0,0.0,0.0
12.884,0.0,0.0,0.0,0.0
12.886,0.0,0.0,0.0,0.0
12.888,0.0,0.0,0.0,0.0
12.89,0.0,0.0,0.0,0.0
12.892,0.0,0.0,0.0,0.0
12.894,0.0,0.0,0.0,0.0
12.896,0.0,0.0,0.0,0.0
12.898,0.0,0.0,0.0,0.0
12.9,0.0,0.0,0.0,0.0
12.902,0.0,0.0,0.0,0.0
12.904,0.0,0.0,0.0,0.0
12.906,0.0,0.0,0.0,0.0
12.908,0.0,0.0,0.0,0.0
12.91,0.0,0.0,0.0,0.0
12.912,0.0,0.0,0.0,0.0
12.914,0.0,0.0,0.0,0.0
12.916,0.0,0.0,0.0,0.0
12.918,0.0,0.0,0.0,0.0
12.92,0.0,0.0,0.0,0.0
12.922,0.0,0.0,0.0,0.0
12.924,0.0,0.0,0.0,0.0
12.926,0.0,0.0,0.0,0.0
12.928,0.0,0.0,0.0,0.0
12.93,0.0,0.0,0.0,0.0
12.932,0.0,0.0,0.0,0.0
12.934,0.0,0.0,0.0,0.0
12.936,0.0,0.0,0.0,0.0
12.938,0.0,0.0,0.0,0.0
12.94,0.0,0.0,0.0,0.0
12.942,0.0,0.0,0.0,0.0
12.944,0.0,0.0,0.0,0.0
12.946,0.0,0.0,0.0,0.0
12.948,0.0,0.0,0.0,0.0
12.95,0.0,0.0,0.0,0.0
12.952,0.0,0.0,0.0,0.0
12.954,0.0,0.0,0.0,0.0
12.956,0.0,0.0,0.0,0.0
12.958,0.0,0.0,0.0,0.0
12.96,0.0,0.0,0.0,0.0
12.962,0.0,0.0,0.0,0.0
12.964,0.0,0.0,0.0,0.0
12.966,0.0,0.0,0.0,0.0
12.968,0.0,0.0,0.0,0.0
12.97,0.0,0.0,0.0,0.0
12.972,0.0,0.0,0.0,0.0
12.974,0.0,0.0,0.0,0.0
12.976,0.0,0.0,0.0,0.0
12.978,0.0,0.0,0.0,0.0
12.98,0.0,0.0,0.0,0.0
12.982,0.0,0.0,0.0,0.0
12.984,0.0,0.0,0.0,0.0
12.986,0.0,0.0,0.0,0.0
12.988,0.0,0.0,0.0,0.0
12.99,0.0,0.0,0.0,0.0
12.992,0.0,0.0,0.0,0.0
12.994,0.0,0.0,0.0,0.0
12.996,0.0,0.0,0.0,0.0
12.998,0.0,0.0,0.0,0.0
13.0,0.0,0.0,0.0,0.0
13.002,0.0,0.0,0.0,0.0
13.004,0.0,0.0,0.0,0.0
13.006,0.0,0.0,0.0,0.0
13.008,0.0,0.0,0.0,0.0
13.01,0.0,0.0,0.0,0.0
13.012,0.0,0.0,0.0,0.0
13.014,0.0,0.0,0.0,0.0
13.016,0.0,0.0,0.0,0.0
13.018,0.0,0.0,0.0,0.0
13.02,0.0,0.0,0.0,0.0
13.022,0.0,0.0,0.0,0.0
13.024,0.0,0.0,0.0,0.0
13.026,0.0,0.0,0.0,0.0
13.028,0.0,0.0,0.0,0.0
13.03,0.0,0.0,0.0,0.0
13.032,0.0,0.0,0.0,0.0
13.034,0.0,0.0,0.0,0.0
13.036,0.0,0.0,0.0,0.0
13.038,0.0,0.0,0.0,0.0
13.04,0.0,0.0,0.0,0.0
13.042,0.0,0.0,0.0,0.0
13.044,0.0,0.0,0.0,0.0
13.046,0.0,0.0,0.0,0.0
13.048,0.0,0.0,0.0,0.0
13.05,0.0,0.0,0.0,0.0
13.052,0.0,0.0,0.0,0.0
13.054,0.0,0.0,0.0,0.0
13.056,0.0,0.0,0.0,0.0
13.058,0.0,0.0,0.0,0.0
13.06,0.0,0.0,0.0,0.0
13.062,0.0,0.0,0.0,0.0
13.064,0.0,0.0,0.0,0.0
13.066,0.0,0.0,0.0,0.0
13.068,0.0,0.0,0.0,0.0
13.07,0.0,0.0,0.0,0.0
13.072,0.0,0.0,0.0,0.0
13.074,0.0,0.0,0.0,0.0
13.076,0.0,0.0,0.0,0.0
13.078,0.0,0.0,0.0,0.0
13.08,0.0,0.0,0.0,0.0
13.082,0.0,0.0,0.0,0.0
13.084,0.0,0.0,0.0,0.0
13.086,0.0,0.0,0.0,0.0
13.088,0.0,0.0,0.0,0.0
13.09,0.0,0.0,0.0,0.0
13.092,0.0,0.0,0.0,0.0
13.094,0.0,0.0,0.0,0.0
13.096,0.0,0.0,0.0,0.0
13.098,0.0,0.0,0.0,0.0
13.1,0.0,0.0,0.0,0.0
13.102,0.0,0.0,0.0,0.0
13.104,0.0,0.0,0.0,0.0
13.106,0.0,0.0,0.0,0.0
13.108,0.0,0.0,0.0,0.0
13.11,0.0,0.0,0.0,0.0
13.112,0.0,0.0,0.0,0.0
13.114,0.0,0.0,0.0,0.0
13.116,0.0,0.0,0.0,0.0
13.118,0.0,0.0,0.0,0.0
13.12,0.0,0.0,0.0,0.0
13.122,0.0,0.0,0.0,0.0
13.124,0.0,0.0,0.0,0.0
13.126,0.0,0.0,0.0,0.0
13.128,0.0,0.0,0.0,0.0
13.13,0.0,0.0,0.0,0.0
13.132,0.0,0.0,0.0,0.0
13.134,0.0,0.0,0.0,0.0
13.136,0.0,0.0,0.0,0.0
13.138,0.0,0.0,0.0,0.0
13.14,0.0,0.0,0.0,0.0
13.142,0.0,0.0,0.0,0.0
13.144,0.0,0.0,0.0,0.0
13.146,0.0,0.0,0.0,0.0
13.148,0.0,0.0,0.0,0.0
13.15,0.0,0.0,0.0,0.0
13.152,0.0,0.0,0.0,0.0
13.154,0.0,0.0,0.0,0.0
13.156,0.0,0.0,0.0,0.0
13.158,0.0,0.0,0.0,0.0
13.16,0.0,0.0,0.0,0.0
13.162,0.0,0.0,0.0,0.0
13.164,0.0,0.0,0.0,0.0
13.166,0.0,0.0,0.0,0.0
13.168,0.0,0.0,0.0,0.0
13.17,0.0,0.0,0.0,0.0
13.172,0.0,0.0,0.0,0.0
13.174,0.0,0.0,0.0,0.0
13.176,0.0,0.0,0.0,0.0
13.178,0.0,0.0,0.0,0.0
13.18,0.0,0.0,0.0,0.0
13.182,0.0,0.0,0.0,0.0
13.184,0.0,0.0,0.0,0.0
13.186,0.0,0.0,0.0,0.0
13.188,0.0,0.0,0.0,0.0
13.19,0.0,0.0,0.0,0.0
13.192,0.0,0.0,0.0,0.0
13.194,0.0,0.0,0.0,0.0
13.196,0.0,0.0,0.0,0.0
13.198,0.0,0.0,0.0,0.0
13.2,0.0,0.0,0.0,0.0
13.202,0.0,0.0,0.0,0.0
13.204,0.0,0.0,0.0,0.0
13.206,0.0,0.0,0.0,0.0
13.208,0.0,0.0,0.0,0.0
13.21,0.0,0.0,0.0,0.0
13.212,0.0,0.0,0.0,0.0
13.214,0.0,0.0,0.0,0.0
13.216,0.0,0.0,0.0,0.0
13.218,0.0,0.0,0.0,0.0
13.22,0.0,0.0,0.0,0.0
13.222,0.0,0.0,0.0,0.0
13.224,0.0,0.0,0.0,0.0
13.226,0.0,0.0,0.0,0.0
13.228,0.0,0.0,0.0,0.0
13.23,0.0,0.0,0.0,0.0
13.232,0.0,0.0,0.0,0.0
13.234,0.0,0.0,0.0,0.0
13.236,0.0,0.0,0.0,0.0
13.238,0.0,0.0,0.0,0.0
13.24,0.0,0.0,0.0,0.0
13.242,0.0,0.0,0.0,0.0
13.244,0.0,0.0,0.0,0.0
13.246,0.0,0.0,0.0,0.0
13.248,0.0,0.0,0.0,0.0
13.25,0.0,0.0,0.0,0.0
13.252,0.0,0.0,0.0,0.0
13.254,0.0,0.0,0.0,0.0
13.256,0.0,0.0,0.0,0.0
13.258,0.0,0.0,0.0,0.0
13.26,0.0,0.0,0.0,0.0
13.262,0.0,0.0,0.0,0.0
13.264,0.0,0.0,0.0,0.0
13.266,0.0,0.0,0.0,0.0
13.268,0.0,0.0,0.0,0.0
13.27,0.0,0.0,0.0,0.0
13.272,0.0,0.0,0.0,0.0
13.274,0.0,0.0,0.0,0.0
13.276,0.0,0.0,0.0,0.0
13.278,0.0,0.0,0.0,0.0
13.28,0.0,0.0,0.0,0.0
13.282,0.0,0.0,0.0,0.0
13.284,0.0,0.0,0.0,0.0
13.286,0.0,0.0,0.0,0.0
13.288,0.0,0.0,0.0,0.0
13.29,0.0,0.0,0.0,0.0
13.292,0.0,0.0,0.0,0.0
13.294,0.0,0.0,0.0,0.0
13.296,0.0,0.0,0.0,0.0
13.298,0.0,0.0,0.0,0.0
13.3,0.0,0.0,0.0,0.0
13.302,0.0,0.0,0.0,0.0
13.304,0.0,0.0,0.0,0.0
13.306,0.0,0.0,0.0,0.0
13.308,0.0,0.0,0.0,0.0
13.31,0.0,0.0,0.0,0.0
13.312,0.0,0.0,0.0,0.0
13.314,0.0,0.0,0.0,0.0
13.316,0.0,0.0,0.0,0.0
13.318,0.0,0.0,0.0,0.0
13.32,0.0,0.0,0.0,0.0
13.322,0.0,0.0,0.0,0.0
13.324,0.0,0.0,0.0,0.0
13.326,0.0,0.0,0.0,0.0
13.328,0.0,0.0,0.0,0.0
13.33,0.0,0.0,0.0,0.0
13.332,0.0,0.0,0.0,0.0
13.334,0.0,0.0,0.0,0.0
13.336,0.0,0.0,0.0,0.0
13.338,0.0,0.0,0.0,0.0
13.34,0.0,0.0,0.0,0.0
13.342,0.0,0.0,0.0,0.0
13.344,0.0,0.0,0.0,0.0
13.346,0.0,0.0,0.0,0.0
13.348,0.0,0.0,0.0,0.0
13.35,0.0,0.0,0.0,0.0
13.352,0.0,0.0,0.0,0.0
13.354,0.0,0.0,0.0,0.0
13.356,0.0,0.0,0.0,0.0
13.358,0.0,0.0,0.0,0.0
13.36,0.0,0.0,0.0,0.0
13.362,0.0,0.0,0.0,0.0
13.364,0.0,0.0,0.0,0.0
13.366,0.0,0.0,0.0,0.0
13.368,0.0,0.0,0.0,0.0
13.37,0.0,0.0,0.0,0.0
13.372,0.0,0.0,0.0,0.0
13.374,0.0,0.0,0.0,0.0
13.376,0.0,0.0,0.0,0.0
13.378,0.0,0.0,0.0,0.0
13.38,0.0,0.0,0.0,0.0
13.382,0.0,0.0,0.0,0.0
13.384,0.0,0.0,0.0,0.0
13.386,0.0,0.0,0.0,0.0
13.388,0.0,0.0,0.0,0.0
13.39,0.0,0.0,0.0,0.0
13.392,0.0,0.0,0.0,0.0
13.394,0.0,0.0,0.0,0.0
13.396,0.0,0.0,0.0,0.0
13.398,0.0,0.0,0.0,0.0
13.4,0.0,0.0,0.0,0.0
13.402,0.0,0.0,0.0,0.0
13.404,0.0,0.0,0.0,0.0
13.406,0.0,0.0,0.0,0.0
13.408,0.0,0.0,0.0,0.0
13.41,0.0,0.0,0.0,0.0
13.412,0.0,0.0,0.0,0.0
13.414,0.0,0.0,0.0,0.0
13.416,0.0,0.0,0.0,0.0
13.418,0.0,0.0,0.0,0.0
13.42,0.0,0.0,0.0,0.0
13.422,0.0,0.0,0.0,0.0
13.424,0.0,0.0,0.0,0.0
13.426,0.0,0.0,0.0,0.0
13.428,0.0,0.0,0.0,0.0
13.43,0.0,0.0,0.0,0.0
13.432,0.0,0.0,0.0,0.0
13.434,0.0,0.0,0.0,0.0
13.436,0.0,0.0,0.0,0.0
13.438,0.0,0.0,0.0,0.0
13.44,0.0,0.0,0.0,0.0
13.442,0.0,0.0,0.0,0.0
13.444,0.0,0.0,0.0,0.0
13.446,0.0,0.0,0.0,0.0
13.448,0.0,0.0,0.0,0.0
13.45,0.0,0.0,0.0,0.0
13.452,0.0,0.0,0.0,0.0
13.454,0.0,0.0,0.0,0.0
13.456,0.0,0.0,0.0,0.0
13.458,0.0,0.0,0.0,0.0
13.46,0.0,0.0,0.0,0.0
13.462,0.0,0.0,0.0,0.0
13.464,0.0,0.0,0.0,0.0
13.466,0.0,0.0,0.0,0.0
13.468,0.0,0.0,0.0,0.0
13.47,0.0,0.0,0.0,0.0
13.472,0.0,0.0,0.0,0.0
13.474,0.0,0.0,0.0,0.0
13.476,0.0,0.0,0.0,0.0
13.478,0.0,0.0,0.0,0.0
13.48,0.0,0.0,0.0,0.0
13.482,0.0,0.0,0.0,0.0
13.484,0.0,0.0,0.0,0.0
13.486,0.0,0.0,0.0,0.0
13.488,0.0,0.0,0.0,0.0
13.49,0.0,0.0,0.0,0.0
13.492,0.0,0.0,0.0,0.0
13.494,0.0,0.0,0.0,0.0
13.496,0.0,0.0,0.0,0.0
13.498,0.0,0.0,0.0,0.0
13.5,0.0,0.0,0.0,0.0
13.502,0.0,0.0,0.0,0.0
13.504,0.0,0.0,0.0,0.0
13.506,0.0,0.0,0.0,0.0
13.508,0.0,0.0,0.0,0.0
13.51,0.0,0.0,0.0,0.0
13.512,0.0,0.0,0.0,0.0
13.514,0.0,0.0,0.0,0.0
13.516,0.0,0.0,0.0,0.0
13.518,0.0,0.0,0.0,0.0
13.52,0.0,0.0,0.0,0.0
13.522,0.0,0.0,0.0,0.0
13.524,0.0,0.0,0.0,0.0
13.526,0.0,0.0,0.0,0.0
13.528,0.0,0.0,0.0,0.0
13.53,0.0,0.0,0.0,0.0
13.532,0.0,0.0,0.0,0.0
13.534,0.0,0.0,0.0,0.0
13.536,0.0,0.0,0.0,0.0
13.538,0.0,0.0,0.0,0.0
13.54,0.0,0.0,0.0,0.0
13.542,0.0,0.0,0.0,0.0
13.544,0.0,0.0,0.0,0.0
13.546,0.0,0.0,0.0,0.0
13.548,0.0,0.0,0.0,0.0
13.55,0.0,0.0,0.0,0.0
13.552,0.0,0.0,0.0,0.0
13.554,0.0,0.0,0.0,0.0
13.556,0.0,0.0,0.0,0.0
13.558,0.0,0.0,0.0,0.0
13.56,0.0,0.0,0.0,0.0
13.562,0.0,0.0,0.0,0.0
13.564,0.0,0.0,0.0,0.0
13.566,0.0,0.0,0.0,0.0
13.568,0.0,0.0,0.0,0.0
13.57,0.0,0.0,0.0,0.0
13.572,0.0,0.0,0.0,0.0
13.574,0.0,0.0,0.0,0.0
13.576,0.0,0.0,0.0,0.0
13.578,0.0,0.0,0.0,0.0
13.58,0.0,0.0,0.0,0.0
13.582,0.0,0.0,0.0,0.0
13.584,0.0,0.0,0.0,0.0
13.586,0.0,0.0,0.0,0.0
13.588,0.0,0.0,0.0,0.0
13.59,0.0,0.0,0.0,0.0
13.592,0.0,0.0,0.0,0.0
13.594,0.0,0.0,0.0,0.0
13.596,0.0,0.0,0.0,0.0
13.598,0.0,0.0,0.0,0.0
13.6,0.0,0.0,0.0,0.0
13.602,0.0,0.0,0.0,0.0
13.604,0.0,0.0,0.0,0.0
13.606,0.0,0.0,0.0,0.0
13.608,0.0,0.0,0.0,0.0
13.61,0.0,0.0,0.0,0.0
13.612,0.0,0.0,0.0,0.0
13.614,0.0,0.0,0.0,0.0
13.616,0.0,0.0,0.0,0.0
13.618,0.0,0.0,0.0,0.0
13.62,0.0,0.0,0.0,0.0
13.622,0.0,0.0,0.0,0.0
13.624,0.0,0.0,0.0,0.0
13.626,0.0,0.0,0.0,0.0
13.628,0.0,0.0,0.0,0.0
13.63,0.0,0.0,0.0,0.0
13.632,0.0,0.0,0.0,0.0
13.634,0.0,0.0,0.0,0.0
13.636,0.0,0.0,0.0,0.0
13.638,0.0,0.0,0.0,0.0
13.64,0.0,0.0,0.0,0.0
13.642,0.0,0.0,0.0,0.0
13.644,0.0,0.0,0.0,0.0
13.646,0.0,0.0,0.0,0.0
13.648,0.0,0.0,0.0,0.0
13.65,0.0,0.0,0.0,0.0
13.652,0.0,0.0,0.0,0.0
13.654,0.0,0.0,0.0,0.0
13.656,0.0,0.0,0.0,0.0
13.658,0.0,0.0,0.0,0.0
13.66,0.0,0.0,0.0,0.0
13.662,0.0,0.0,0.0,0.0
13.664,0.0,0.0,0.0,0.0
13.666,0.0,0.0,0.0,0.0
13.668,0.0,0.0,0.0,0.0
13.67,0.0,0.0,0.0,0.0
13.672,0.0,0.0,0.0,0.0
13.674,0.0,0.0,0.0,0.0
13.676,0.0,0.0,0.0,0.0
13.678,0.0,0.0,0.0,0.0
13.68,0.0,0.0,0.0,0.0
13.682,0.0,0.0,0.0,0.0
13.684,0.0,0.0,0.0,0.0
13.686,0.0,0.0,0.0,0.0
13.688,0.0,0.0,0.0,0.0
13.69,0.0,0.0,0.0,0.0
13.692,0.0,0.0,0.0,0.0
13.694,0.0,0.0,0.0,0.0
13.696,0.0,0.0,0.0,0.0
13.698,0.0,0.0,0.0,0.0
13.7,0.0,0.0,0.0,0.0
13.702,0.0,0.0,0.0,0.0
13.704,0.0,0.0,0.0,0.0
13.706,0.0,0.0,0.0,0.0
13.708,0.0,0.0,0.0,0.0
13.71,0.0,0.0,0.0,0.0
13.712,0.0,0.0,0.0,0.0
13.714,0.0,0.0,0.0,0.0
13.716,0.0,0.0,0.0,0.0
13.718,0.0,0.0,0.0,0.0
13.72,0.0,0.0,0.0,0.0
13.722,0.0,0.0,0.0,0.0
13.724,0.0,0.0,0.0,0.0
13.726,0.0,0.0,0.0,0.0
13.728,0.0,0.0,0.0,0.0
13.73,0.0,0.0,0.0,0.0
13.732,0.0,0.0,0.0,0.0
13.734,0.0,0.0,0.0,0.0
13.736,0.0,0.0,0.0,0.0
13.738,0.0,0.0,0.0,0.0
13.74,0.0,0.0,0.0,0.0
13.742,0.0,0.0,0.0,0.0
13.744,0.0,0.0,0.0,0.0
13.746,0.0,0.0,0.0,0.0
13.748,0.0,0.0,0.0,0.0
13.75,0.0,0.0,0.0,0.0
13.752,0.0,0.0,0.0,0.0
13.754,0.0,0.0,0.0,0.0
13.756,0.0,0.0,0.0,0.0
13.758,0.0,0.0,0.0,0.0
13.76,0.0,0.0,0.0,0.0
13.762,0.0,0.0,0.0,0.0
13.764,0.0,0.0,0.0,0.0
13.766,0.0,0.0,0.0,0.0
13.768,0.0,0.0,0.0,0.0
13.77,0.0,0.0,0.0,0.0
13.772,0.0,0.0,0.0,0.0
13.774,0.0,0.0,0.0,0.0
13.776,0.0,0.0,0.0,0.0
13.778,0.0,0.0,0.0,0.0
13.78,0.0,0.0,0.0,0.0
13.782,0.0,0.0,0.0,0.0
13.784,0.0,0.0,0.0,0.0
13.786,0.0,0.0,0.0,0.0
13.788,0.0,0.0,0.0,0.0
13.79,0.0,0.0,0.0,0.0
13.792,0.0,0.0,0.0,0.0
13.794,0.0,0.0,0.0,0.0
13.796,0.0,0.0,0.0,0.0
13.798,0.0,0.0,0.0,0.0
13.8,0.0,0.0,0.0,0.0
13.802,0.0,0.0,0.0,0.0
13.804,0.0,0.0,0.0,0.0
13.806,0.0,0.0,0.0,0.0
13.808,0.0,0.0,0.0,0.0
13.81,0.0,0.0,0.0,0.0
13.812,0.0,0.0,0.0,0.0
13.814,0.0,0.0,0.0,0.0
13.816,0.0,0.0,0.0,0.0
13.818,0.0,0.0,0.0,0.0
13.82,0.0,0.0,0.0,0.0
13.822,0.0,0.0,0.0,0.0
13.824,0.0,0.0,0.0,0.0
13.826,0.0,0.0,0.0,0.0
13.828,0.0,0.0,0.0,0.0
13.83,0.0,0.0,0.0,0.0
13.832,0.0,0.0,0.0,0.0
13.834,0.0,0.0,0.0,0.0
13.836,0.0,0.0,0.0,0.0
13.838,0.0,0.0,0.0,0.0
13.84,0.0,0.0,0.0,0.0
13.842,0.0,0.0,0.0,0.0
13.844,0.0,0.0,0.0,0.0
13.846,0.0,0.0,0.0,0.0
13.848,0.0,0.0,0.0,0.0
13.85,0.0,0.0,0.0,0.0
13.852,0.0,0.0,0.0,0.0
13.854,0.0,0.0,0.0,0.0
13.856,0.0,0.0,0.0,0.0
13.858,0.0,0.0,0.0,0.0
13.86,0.0,0.0,0.0,0.0
13.862,0.0,0.0,0.0,0.0
13.864,0.0,0.0,0.0,0.0
13.866,0.0,0.0,0.0,0.0
13.868,0.0,0.0,0.0,0.0
13.87,0.0,0.0,0.0,0.0
13.872,0.0,0.0,0.0,0.0
13.874,0.0,0.0,0.0,0.0
13.876,0.0,0.0,0.0,0.0
13.878,0.0,0.0,0.0,0.0
13.88,0.0,0.0,0.0,0.0
13.882,0.0,0.0,0.0,0.0
13.884,0.0,0.0,0.0,0.0
13.886,0.0,0.0,0.0,0.0
13.888,0.0,0.0,0.0,0.0
13.89,0.0,0.0,0.0,0.0
13.892,0.0,0.0,0.0,0.0
13.894,0.0,0.0,0.0,0.0
13.896,0.0,0.0,0.0,0.0
13.898,0.0,0.0,0.0,0.0
13.9,0.0,0.0,0.0,0.0
13.902,0.0,0.0,0.0,0.0
13.904,0.0,0.0,0.0,0.0
13.906,0.0,0.0,0.0,0.0
13.908,0.0,0.0,0.0,0.0
13.91,0.0,0.0,0.0,0.0
13.912,0.0,0.0,0.0,0.0
13.914,0.0,0.0,0.0,0.0
13.916,0.0,0.0,0.0,0.0
13.918,0.0,0.0,0.0,0.0
13.92,0.0,0.0,0.0,0.0
13.922,0.0,0.0,0.0,0.0
13.924,0.0,0.0,0.0,0.0
13.926,0.0,0.0,0.0,0.0
13.928,0.0,0.0,0.0,0.0
13.93,0.0,0.0,0.0,0.0
13.932,0.0,0.0,0.0,0.0
13.934,0.0,0.0,0.0,0.0
13.936,0.0,0.0,0.0,0.0
13.938,0.0,0.0,0.0,0.0
13.94,0.0,0.0,0.0,0.0
13.942,0.0,0.0,0.0,0.0
13.944,0.0,0.0,0.0,0.0
13.946,0.0,0.0,0.0,0.0
13.948,0.0,0.0,0.0,0.0
13.95,0.0,0.0,0.0,0.0
13.952,0.0,0.0,0.0,0.0
13.954,0.0,0.0,0.0,0.0
13.956,0.0,0.0,0.0,0.0
13.958,0.0,0.0,0.0,0.0
13.96,0.0,0.0,0.0,0.0
13.962,0.0,0.0,0.0,0.0
13.964,0.0,0.0,0.0,0.0
13.966,0.0,0.0,0.0,0.0
13.968,0.0,0.0,0.0,0.0
13.97,0.0,0.0,0.0,0.0
13.972,0.0,0.0,0.0,0.0
13.974,0.0,0.0,0.0,0.0
13.976,0.0,0.0,0.0,0.0
13.978,0.0,0.0,0.0,0.0
13.98,0.0,0.0,0.0,0.0
13.982,0.0,0.0,0.0,0.0
13.984,0.0,0.0,0.0,0.0
13.986,0.0,0.0,0.0,0.0
13.988,0.0,0.0,0.0,0.0
13.99,0.0,0.0,0.0,0.0
13.992,0.0,0.0,0.0,0.0
13.994,0.0,0.0,0.0,0.0
13.996,0.0,0.0,0.0,0.0
13.998,0.0,0.0,0.0,0.0
14.0,0.0,0.0,0.0,0.0
14.002,0.0,0.0,0.0,0.0
14.004,0.0,0.0,0.0,0.0
14.006,0.0,0.0,0.0,0.0
14.008,0.0,0.0,0.0,0.0
14.01,0.0,0.0,0.0,0.0
14.012,0.0,0.0,0.0,0.0
14.014,0.0,0.0,0.0,0.0
14.016,0.0,0.0,0.0,0.0
14.018,0.0,0.0,0.0,0.0
14.02,0.0,0.0,0.0,0.0
14.022,0.0,0.0,0.0,0.0
14.024,0.0,0.0,0.0,0.0
14.026,0.0,0.0,0.0,0.0
14.028,0.0,0.0,0.0,0.0
14.03,0.0,0.0,0.0,0.0
14.032,0.0,0.0,0.0,0.0
14.034,0.0,0.0,0.0,0.0
14.036,0.0,0.0,0.0,0.0
14.038,0.0,0.0,0.0,0.0
14.04,0.0,0.0,0.0,0.0
14.042,0.0,0.0,0.0,0.0
14.044,0.0,0.0,0.0,0.0
14.046,0.0,0.0,0.0,0.0
14.048,0.0,0.0,0.0,0.0
14.05,0.0,0.0,0.0,0.0
14.052,0.0,0.0,0.0,0.0
14.054,0.0,0.0,0.0,0.0
14.056,0.0,0.0,0.0,0.0
14.058,0.0,0.0,0.0,0.0
14.06,0.0,0.0,0.0,0.0
14.062,0.0,0.0,0.0,0.0
14.064,0.0,0.0,0.0,0.0
14.066,0.0,0.0,0.0,0.0
14.068,0.0,0.0,0.0,0.0
14.07,0.0,0.0,0.0,0.0
14.072,0.0,0.0,0.0,0.0
14.074,0.0,0.0,0.0,0.0
14.076,0.0,0.0,0.0,0.0
14.078,0.0,0.0,0.0,0.0
14.08,0.0,0.0,0.0,0.0
14.082,0.0,0.0,0.0,0.0
14.084,0.0,0.0,0.0,0.0
14.086,0.0,0.0,0.0,0.0
14.088,0.0,0.0,0.0,0.0
14.09,0.0,0.0,0.0,0.0
14.092,0.0,0.0,0.0,0.0
14.094,0.0,0.0,0.0,0.0
14.096,0.0,0.0,0.0,0.0
14.098,0.0,0.0,0.0,0.0
14.1,0.0,0.0,0.0,0.0
14.102,0.0,0.0,0.0,0.0
14.104,0.0,0.0,0.0,0.0
14.106,0.0,0.0,0.0,0.0
14.108,0.0,0.0,0.0,0.0
14.11,0.0,0.0,0.0,0.0
14.112,0.0,0.0,0.0,0.0
14.114,0.0,0.0,0.0,0.0
14.116,0.0,0.0,0.0,0.0
14.118,0.0,0.0,0.0,0.0
14.12,0.0,0.0,0.0,0.0
14.122,0.0,0.0,0.0,0.0
14.124,0.0,0.0,0.0,0.0
14.126,0.0,0.0,0.0,0.0
14.128,0.0,0.0,0.0,0.0
14.13,0.0,0.0,0.0,0.0
14.132,0.0,0.0,0.0,0.0
14.134,0.0,0.0,0.0,0.0
14.136,0.0,0.0,0.0,0.0
14.138,0.0,0.0,0.0,0.0
14.14,0.0,0.0,0.0,0.0
14.142,0.0,0.0,0.0,0.0
14.144,0.0,0.0,0.0,0.0
14.146,0.0,0.0,0.0,0.0
14.148,0.0,0.0,0.0,0.0
14.15,0.0,0.0,0.0,0.0
14.152,0.0,0.0,0.0,0.0
14.154,0.0,0.0,0.0,0.0
14.156,0.0,0.0,0.0,0.0
14.158,0.0,0.0,0.0,0.0
14.16,0.0,0.0,0.0,0.0
14.162,0.0,0.0,0.0,0.0
14.164,0.0,0.0,0.0,0.0
14.166,0.0,0.0,0.0,0.0
14.168,0.0,0.0,0.0,0.0
14.17,0.0,0.0,0.0,0.0
14.172,0.0,0.0,0.0,0.0
14.174,0.0,0.0,0.0,0.0
14.176,0.0,0.0,0.0,0.0
14.178,0.0,0.0,0.0,0.0
14.18,0.0,0.0,0.0,0.0
14.182,0.0,0.0,0.0,0.0
14.184,0.0,0.0,0.0,0.0
14.186,0.0,0.0,0.0,0.0
14.188,0.0,0.0,0.0,0.0
14.19,0.0,0.0,0.0,0.0
14.192,0.0,0.0,0.0,0.0
14.194,0.0,0.0,0.0,0.0
14.196,0.0,0.0,0.0,0.0
14.198,0.0,0.0,0.0,0.0
14.2,0.0,0.0,0.0,0.0
14.202,0.0,0.0,0.0,0.0
14.204,0.0,0.0,0.0,0.0
14.206,0.0,0.0,0.0,0.0
14.208,0.0,0.0,0.0,0.0
14.21,0.0,0.0,0.0,0.0
14.212,0.0,0.0,0.0,0.0
14.214,0.0,0.0,0.0,0.0
14.216,0.0,0.0,0.0,0.0
14.218,0.0,0.0,0.0,0.0
14.22,0.0,0.0,0.0,0.0
14.222,0.0,0.0,0.0,0.0
14.224,0.0,0.0,0.0,0.0
14.226,0.0,0.0,0.0,0.0
14.228,0.0,0.0,0.0,0.0
14.23,0.0,0.0,0.0,0.0
14.232,0.0,0.0,0.0,0.0
14.234,0.0,0.0,0.0,0.0
14.236,0.0,0.0,0.0,0.0
14.238,0.0,0.0,0.0,0.0
14.24,0.0,0.0,0.0,0.0
14.242,0.0,0.0,0.0,0.0
14.244,0.0,0.0,0.0,0.0
14.246,0.0,0.0,0.0,0.0
14.248,0.0,0.0,0.0,0.0
14.25,0.0,0.0,0.0,0.0
14.252,0.0,0.0,0.0,0.0
14.254,0.0,0.0,0.0,0.0
14.256,0.0,0.0,0.0,0.0
14.258,0.0,0.0,0.0,0.0
14.26,0.0,0.0,0.0,0.0
14.262,0.0,0.0,0.0,0.0
14.264,0.0,0.0,0.0,0.0
14.266,0.0,0.0,0.0,0.0
14.268,0.0,0.0,0.0,0.0
14.27,0.0,0.0,0.0,0.0
14.272,0.0,0.0,0.0,0.0
14.274,0.0,0.0,0.0,0.0
14.276,0.0,0.0,0.0,0.0
14.278,0.0,0.0,0.0,0.0
14.28,0.0,0.0,0.0,0.0
14.282,0.0,0.0,0.0,0.0
14.284,0.0,0.0,0.0,0.0
14.286,0.0,0.0,0.0,0.0
14.288,0.0,0.0,0.0,0.0
14.29,0.0,0.0,0.0,0.0
14.292,0.0,0.0,0.0,0.0
14.294,0.0,0.0,0.0,0.0
14.296,0.0,0.0,0.0,0.0
14.298,0.0,0.0,0.0,0.0
14.3,0.0,0.0,0.0,0.0
14.302,0.0,0.0,0.0,0.0
14.304,0.0,0.0,0.0,0.0
14.306,0.0,0.0,0.0,0.0
14.308,0.0,0.0,0.0,0.0
14.31,0.0,0.0,0.0,0.0
14.312,0.0,0.0,0.0,0.0
14.314,0.0,0.0,0.0,0.0
14.316,0.0,0.0,0.0,0.0
14.318,0.0,0.0,0.0,0.0
14.32,0.0,0.0,0.0,0.0
14.322,0.0,0.0,0.0,0.0
14.324,0.0,0.0,0.0,0.0
14.326,0.0,0.0,0.0,0.0
14.328,0.0,0.0,0.0,0.0
14.33,0.0,0.0,0.0,0.0
14.332,0.0,0.0,0.0,0.0
14.334,0.0,0.0,0.0,0.0
14.336,0.0,0.0,0.0,0.0
14.338,0.0,0.0,0.0,0.0
14.34,0.0,0.0,0.0,0.0
14.342,0.0,0.0,0.0,0.0
14.344,0.0,0.0,0.0,0.0
14.346,0.0,0.0,0.0,0.0
14.348,0.0,0.0,0.0,0.0
14.35,0.0,0.0,0.0,0.0
14.352,0.0,0.0,0.0,0.0
14.354,0.0,0.0,0.0,0.0
14.356,0.0,0.0,0.0,0.0
14.358,0.0,0.0,0.0,0.0
14.36,0.0,0.0,0.0,0.0
14.362,0.0,0.0,0.0,0.0
14.364,0.0,0.0,0.0,0.0
14.366,0.0,0.0,0.0,0.0
14.368,0.0,0.0,0.0,0.0
14.37,0.0,0.0,0.0,0.0
14.372,0.0,0.0,0.0,0.0
14.374,0.0,0.0,0.0,0.0
14.376,0.0,0.0,0.0,0.0
14.378,0.0,0.0,0.0,0.0
14.38,0.0,0.0,0.0,0.0
14.382,0.0,0.0,0.0,0.0
14.384,0.0,0.0,0.0,0.0
14.386,0.0,0.0,0.0,0.0
14.388,0.0,0.0,0.0,0.0
14.39,0.0,0.0,0.0,0.0
14.392,0.0,0.0,0.0,0.0
14.394,0.0,0.0,0.0,0.0
14.396,0.0,0.0,0.0,0.0
14.398,0.0,0.0,0.0,0.0
14.4,0.0,0.0,0.0,0.0
14.402,0.0,0.0,0.0,0.0
14.404,0.0,0.0,0.0,0.0
14.406,0.0,0.0,0.0,0.0
14.408,0.0,0.0,0.0,0.0
14.41,0.0,0.0,0.0,0.0
14.412,0.0,0.0,0.0,0.0
14.414,0.0,0.0,0.0,0.0
14.416,0.0,0.0,0.0,0.0
14.418,0.0,0.0,0.0,0.0
14.42,0.0,0.0,0.0,0.0
14.422,0.0,0.0,0.0,0.0
14.424,0.0,0.0,0.0,0.0
14.426,0.0,0.0,0.0,0.0
14.428,0.0,0.0,0.0,0.0
14.43,0.0,0.0,0.0,0.0
14.432,0.0,0.0,0.0,0.0
14.434,0.0,0.0,0.0,0.0
14.436,0.0,0.0,0.0,0.0
14.438,0.0,0.0,0.0,0.0
14.44,0.0,0.0,0.0,0.0
14.442,0.0,0.0,0.0,0.0
14.444,0.0,0.0,0.0,0.0
14.446,0.0,0.0,0.0,0.0
14.448,0.0,0.0,0.0,0.0
14.45,0.0,0.0,0.0,0.0
14.452,0.0,0.0,0.0,0.0
14.454,0.0,0.0,0.0,0.0
14.456,0.0,0.0,0.0,0.0
14.458,0.0,0.0,0.0,0.0
14.46,0.0,0.0,0.0,0.0
14.462,0.0,0.0,0.0,0.0
14.464,0.0,0.0,0.0,0.0
14.466,0.0,0.0,0.0,0.0
14.468,0.0,0.0,0.0,0.0
14.47,0.0,0.0,0.0,0.0
14.472,0.0,0.0,0.0,0.0
14.474,0.0,0.0,0.0,0.0
14.476,0.0,0.0,0.0,0.0
14.478,0.0,0.0,0.0,0.0
14.48,0.0,0.0,0.0,0.0
14.482,0.0,0.0,0.0,0.0
14.484,0.0,0.0,0.0,0.0
14.486,0.0,0.0,0.0,0.0
14.488,0.0,0.0,0.0,0.0
14.49,0.0,0.0,0.0,0.0
14.492,0.0,0.0,0.0,0.0
14.494,0.0,0.0,0.0,0.0
14.496,0.0,0.0,0.0,0.0
14.498,0.0,0.0,0.0,0.0
14.5,0.0,0.0,0.0,0.0
14.502,0.0,0.0,0.0,0.0
14.504,0.0,0.0,0.0,0.0
14.506,0.0,0.0,0.0,0.0
14.508,0.0,0.0,0.0,0.0
14.51,0.0,0.0,0.0,0.0
14.512,0.0,0.0,0.0,0.0
14.514,0.0,0.0,0.0,0.0
14.516,0.0,0.0,0.0,0.0
14.518,0.0,0.0,0.0,0.0
14.52,0.0,0.0,0.0,0.0
14.522,0.0,0.0,0.0,0.0
14.524,0.0,0.0,0.0,0.0
14.526,0.0,0.0,0.0,0.0
14.528,0.0,0.0,0.0,0.0
14.53,0.0,0.0,0.0,0.0
14.532,0.0,0.0,0.0,0.0
14.534,0.0,0.0,0.0,0.0
14.536,0.0,0.0,0.0,0.0
14.538,0.0,0.0,0.0,0.0
14.54,0.0,0.0,0.0,0.0
14.542,0.0,0.0,0.0,0.0
14.544,0.0,0.0,0.0,0.0
14.546,0.0,0.0,0.0,0.0
14.548,0.0,0.0,0.0,0.0
14.55,0.0,0.0,0.0,0.0
14.552,0.0,0.0,0.0,0.0
14.554,0.0,0.0,0.0,0.0
14.556,0.0,0.0,0.0,0.0
14.558,0.0,0.0,0.0,0.0
14.56,0.0,0.0,0.0,0.0
14.562,0.0,0.0,0.0,0.0
14.564,0.0,0.0,0.0,0.0
14.566,0.0,0.0,0.0,0.0
14.568,0.0,0.0,0.0,0.0
14.57,0.0,0.0,0.0,0.0
14.572,0.0,0.0,0.0,0.0
14.574,0.0,0.0,0.0,0.0
14.576,0.0,0.0,0.0,0.0
14.578,0.0,0.0,0.0,0.0
14.58,0.0,0.0,0.0,0.0
14.582,0.0,0.0,0.0,0.0
14.584,0.0,0.0,0.0,0.0
14.586,0.0,0.0,0.0,0.0
14.588,0.0,0.0,0.0,0.0
14.59,0.0,0.0,0.0,0.0
14.592,0.0,0.0,0.0,0.0
14.594,0.0,0.0,0.0,0.0
14.596,0.0,0.0,0.0,0.0
14.598,0.0,0.0,0.0,0.0
14.6,0.0,0.0,0.0,0.0
14.602,0.0,0.0,0.0,0.0
14.604,0.0,0.0,0.0,0.0
14.606,0.0,0.0,0.0,0.0
14.608,0.0,0.0,0.0,0.0
14.61,0.0,0.0,0.0,0.0
14.612,0.0,0.0,0.0,0.0
14.614,0.0,0.0,0.0,0.0
14.616,0.0,0.0,0.0,0.0
14.618,0.0,0.0,0.0,0.0
14.62,0.0,0.0,0.0,0.0
14.622,0.0,0.0,0.0,0.0
14.624,0.0,0.0,0.0,0.0
14.626,0.0,0.0,0.0,0.0
14.628,0.0,0.0,0.0,0.0
14.63,0.0,0.0,0.0,0.0
14.632,0.0,0.0,0.0,0.0
14.634,0.0,0.0,0.0,0.0
14.636,0.0,0.0,0.0,0.0
14.638,0.0,0.0,0.0,0.0
14.64,0.0,0.0,0.0,0.0
14.642,0.0,0.0,0.0,0.0
14.644,0.0,0.0,0.0,0.0
14.646,0.0,0.0,0.0,0.0
14.648,0.0,0.0,0.0,0.0
14.65,0.0,0.0,0.0,0.0
14.652,0.0,0.0,0.0,0.0
14.654,0.0,0.0,0.0,0.0
14.656,0.0,0.0,0.0,0.0
14.658,0.0,0.0,0.0,0.0
14.66,0.0,0.0,0.0,0.0
14.662,0.0,0.0,0.0,0.0
14.664,0.0,0.0,0.0,0.0
14.666,0.0,0.0,0.0,0.0
14.668,0.0,0.0,0.0,0.0
14.67,0.0,0.0,0.0,0.0
14.672,0.0,0.0,0.0,0.0
14.674,0.0,0.0,0.0,0.0
14.676,0.0,0.0,0.0,0.0
14.678,0.0,0.0,0.0,0.0
14.68,0.0,0.0,0.0,0.0
14.682,0.0,0.0,0.0,0.0
14.684,0.0,0.0,0.0,0.0
14.686,0.0,0.0,0.0,0.0
14.688,0.0,0.0,0.0,0.0
14.69,0.0,0.0,0.0,0.0
14.692,0.0,0.0,0.0,0.0
14.694,0.0,0.0,0.0,0.0
14.696,0.0,0.0,0.0,0.0
14.698,0.0,0.0,0.0,0.0
14.7,0.0,0.0,0.0,0.0
14.702,0.0,0.0,0.0,0.0
14.704,0.0,0.0,0.0,0.0
14.706,0.0,0.0,0.0,0.0
14.708,0.0,0.0,0.0,0.0
14.71,0.0,0.0,0.0,0.0
14.712,0.0,0.0,0.0,0.0
14.714,0.0,0.0,0.0,0.0
14.716,0.0,0.0,0.0,0.0
14.718,0.0,0.0,0.0,0.0
14.72,0.0,0.0,0.0,0.0
14.722,0.0,0.0,0.0,0.0
14.724,0.0,0.0,0.0,0.0
14.726,0.0,0.0,0.0,0.0
14.728,0.0,0.0,0.0,0.0
14.73,0.0,0.0,0.0,0.0
14.732,0.0,0.0,0.0,0.0
14.734,0.0,0.0,0.0,0.0
14.736,0.0,0.0,0.0,0.0
14.738,0.0,0.0,0.0,0.0
14.74,0.0,0.0,0.0,0.0
14.742,0.0,0.0,0.0,0.0
14.744,0.0,0.0,0.0,0.0
14.746,0.0,0.0,0.0,0.0
14.748,0.0,0.0,0.0,0.0
14.75,0.0,0.0,0.0,0.0
14.752,0.0,0.0,0.0,0.0
14.754,0.0,0.0,0.0,0.0
14.756,0.0,0.0,0.0,0.0
14.758,0.0,0.0,0.0,0.0
14.76,0.0,0.0,0.0,0.0
14.762,0.0,0.0,0.0,0.0
14.764,0.0,0.0,0.0,0.0
14.766,0.0,0.0,0.0,0.0
14.768,0.0,0.0,0.0,0.0
14.77,0.0,0.0,0.0,0.0
14.772,0.0,0.0,0.0,0.0
14.774,0.0,0.0,0.0,0.0
14.776,0.0,0.0,0.0,0.0
14.778,0.0,0.0,0.0,0.0
14.78,0.0,0.0,0.0,0.0
14.782,0.0,0.0,0.0,0.0
14.784,0.0,0.0,0.0,0.0
14.786,0.0,0.0,0.0,0.0
14.788,0.0,0.0,0.0,0.0
14.79,0.0,0.0,0.0,0.0
14.792,0.0,0.0,0.0,0.0
14.794,0.0,0.0,0.0,0.0
14.796,0.0,0.0,0.0,0.0
14.798,0.0,0.0,0.0,0.0
14.8,0.0,0.0,0.0,0.0
14.802,0.0,0.0,0.0,0.0
14.804,0.0,0.0,0.0,0.0
14.806,0.0,0.0,0.0,0.0
14.808,0.0,0.0,0.0,0.0
14.81,0.0,0.0,0.0,0.0
14.812,0.0,0.0,0.0,0.0
14.814,0.0,0.0,0.0,0.0
14.816,0.0,0.0,0.0,0.0
14.818,0.0,0.0,0.0,0.0
14.82,0.0,0.0,0.0,0.0
14.822,0.0,0.0,0.0,0.0
14.824,0.0,0.0,0.0,0.0
14.826,0.0,0.0,0.0,0.0
14.828,0.0,0.0,0.0,0.0
14.83,0.0,0.0,0.0,0.0
14.832,0.0,0.0,0.0,0.0
14.834,0.0,0.0,0.0,0.0
14.836,0.0,0.0,0.0,0.0
14.838,0.0,0.0,0.0,0.0
14.84,0.0,0.0,0.0,0.0
14.842,0.0,0.0,0.0,0.0
14.844,0.0,0.0,0.0,0.0
14.846,0.0,0.0,0.0,0.0
14.848,0.0,0.0,0.0,0.0
14.85,0.0,0.0,0.0,0.0
14.852,0.0,0.0,0.0,0.0
14.854,0.0,0.0,0.0,0.0
14.856,0.0,0.0,0.0,0.0
14.858,0.0,0.0,0.0,0.0
14.86,0.0,0.0,0.0,0.0
14.862,0.0,0.0,0.0,0.0
14.864,0.0,0.0,0.0,0.0
14.866,0.0,0.0,0.0,0.0
14.868,0.0,0.0,0.0,0.0
14.87,0.0,0.0,0.0,0.0
14.872,0.0,0.0,0.0,0.0
14.874,0.0,0.0,0.0,0.0
14.876,0.0,0.0,0.0,0.0
14.878,0.0,0.0,0.0,0.0
14.88,0.0,0.0,0.0,0.0
14.882,0.0,0.0,0.0,0.0
14.884,0.0,0.0,0.0,0.0
14.886,0.0,0.0,0.0,0.0
14.888,0.0,0.0,0.0,0.0
14.89,0.0,0.0,0.0,0.0
14.892,0.0,0.0,0.0,0.0
14.894,0.0,0.0,0.0,0.0
14.896,0.0,0.0,0.0,0.0
14.898,0.0,0.0,0.0,0.0
14.9,0.0,0.0,0.0,0.0
14.902,0.0,0.0,0.0,0.0
14.904,0.0,0.0,0.0,0.0
14.906,0.0,0.0,0.0,0.0
14.908,0.0,0.0,0.0,0.0
14.91,0.0,0.0,0.0,0.0
14.912,0.0,0.0,0.0,0.0
14.914,0.0,0.0,0.0,0.0
14.916,0.0,0.0,0.0,0.0
14.918,0.0,0.0,0.0,0.0
14.92,0.0,0.0,0.0,0.0
14.922,0.0,0.0,0.0,0.0
14.924,0.0,0.0,0.0,0.0
14.926,0.0,0.0,0.0,0.0
14.928,0.0,0.0,0.0,0.0
14.93,0.0,0.0,0.0,0.0
14.932,0.0,0.0,0.0,0.0
14.934,0.0,0.0,0.0,0.0
14.936,0.0,0.0,0.0,0.0
14.938,0.0,0.0,0.0,0.0
14.94,0.0,0.0,0.0,0.0
14.942,0.0,0.0,0.0,0.0
14.944,0.0,0.0,0.0,0.0
14.946,0.0,0.0,0.0,0.0
14.948,0.0,0.0,0.0,0.0
14.95,0.0,0.0,0.0,0.0
14.952,0.0,0.0,0.0,0.0
14.954,0.0,0.0,0.0,0.0
14.956,0.0,0.0,0.0,0.0
14.958,0.0,0.0,0.0,0.0
14.96,0.0,0.0,0.0,0.0
14.962,0.0,0.0,0.0,0.0
14.964,0.0,0.0,0.0,0.0
14.966,0.0,0.0,0.0,0.0
14.968,0.0,0.0,0.0,0.0
14.97,0.0,0.0,0.0,0.0
14.972,0.0,0.0,0.0,0.0
14.974,0.0,0.0,0.0,0.0
14.976,0.0,0.0,0.0,0.0
14.978,0.0,0.0,0.0,0.0
14.98,0.0,0.0,0.0,0.0
14.982,0.0,0.0,0.0,0.0
14.984,0.0,0.0,0.0,0.0
14.986,0.0,0.0,0.0,0.0
14.988,0.0,0.0,0.0,0.0
14.99,0.0,0.0,0.0,0.0
14.992,0.0,0.0,0.0,0.0
14.994,0.0,0.0,0.0,0.0
14.996,0.0,0.0,0.0,0.0
14.998,0.0,0.0,0.0,0.0
15.0,0.0,0.0,0.0,0.0
15.002,0.0,0.0,0.0,0.0
15.004,0.0,0.0,0.0,0.0
15.006,0.0,0.0,0.0,0.0
15.008,0.0,0.0,0.0,0.0
15.01,0.0,0.0,0.0,0.0
15.012,0.0,0.0,0.0,0.0
15.014,0.0,0.0,0.0,0.0
15.016,0.0,0.0,0.0,0.0
15.018,0.0,0.0,0.0,0.0
15.02,0.0,0.0,0.0,0.0
15.022,0.0,0.0,0.0,0.0
15.024,0.0,0.0,0.0,0.0
15.026,0.0,0.0,0.0,0.0
15.028,0.0,0.0,0.0,0.0
15.03,0.0,0.0,0.0,0.0
15.032,0.0,0.0,0.0,0.0
15.034,0.0,0.0,0.0,0.0
15.036,0.0,0.0,0.0,0.0
15.038,0.0,0.0,0.0,0.0
15.04,0.0,0.0,0.0,0.0
15.042,0.0,0.0,0.0,0.0
15.044,0.0,0.0,0.0,0.0
15.046,0.0,0.0,0.0,0.0
15.048,0.0,0.0,0.0,0.0
15.05,0.0,0.0,0.0,0.0
15.052,0.0,0.0,0.0,0.0
15.054,0.0,0.0,0.0,0.0
15.056,0.0,0.0,0.0,0.0
15.058,0.0,0.0,0.0,0.0
15.06,0.0,0.0,0.0,0.0
15.062,0.0,0.0,0.0,0.0
15.064,0.0,0.0,0.0,0.0
15.066,0.0,0.0,0.0,0.0
15.068,0.0,0.0,0.0,0.0
15.07,0.0,0.0,0.0,0.0
15.072,0.0,0.0,0.0,0.0
15.074,0.0,0.0,0.0,0.0
15.076,0.0,0.0,0.0,0.0
15.078,0.0,0.0,0.0,0.0
15.08,0.0,0.0,0.0,0.0
15.082,0.0,0.0,0.0,0.0
15.084,0.0,0.0,0.0,0.0
15.086,0.0,0.0,0.0,0.0
15.088,0.0,0.0,0.0,0.0
15.09,0.0,0.0,0.0,0.0
15.092,0.0,0.0,0.0,0.0
15.094,0.0,0.0,0.0,0.0
15.096,0.0,0.0,0.0,0.0
15.098,0.0,0.0,0.0,0.0
15.1,0.0,0.0,0.0,0.0
15.102,0.0,0.0,0.0,0.0
15.104,0.0,0.0,0.0,0.0
15.106,0.0,0.0,0.0,0.0
15.108,0.0,0.0,0.0,0.0
15.11,0.0,0.0,0.0,0.0
15.112,0.0,0.0,0.0,0.0
15.114,0.0,0.0,0.0,0.0
15.116,0.0,0.0,0.0,0.0
15.118,0.0,0.0,0.0,0.0
15.12,0.0,0.0,0.0,0.0
15.122,0.0,0.0,0.0,0.0
15.124,0.0,0.0,0.0,0.0
15.126,0.0,0.0,0.0,0.0
15.128,0.0,0.0,0.0,0.0
15.13,0.0,0.0,0.0,0.0
15.132,0.0,0.0,0.0,0.0
15.134,0.0,0.0,0.0,0.0
15.136,0.0,0.0,0.0,0.0
15.138,0.0,0.0,0.0,0.0
15.14,0.0,0.0,0.0,0.0
15.142,0.0,0.0,0.0,0.0
15.144,0.0,0.0,0.0,0.0
15.146,0.0,0.0,0.0,0.0
15.148,0.0,0.0,0.0,0.0
15.15,0.0,0.0,0.0,0.0
15.152,0.0,0.0,0.0,0.0
15.154,0.0,0.0,0.0,0.0
15.156,0.0,0.0,0.0,0.0
15.158,0.0,0.0,0.0,0.0
15.16,0.0,0.0,0.0,0.0
15.162,0.0,0.0,0.0,0.0
15.164,0.0,0.0,0.0,0.0
15.166,0.0,0.0,0.0,0.0
15.168,0.0,0.0,0.0,0.0
15.17,0.0,0.0,0.0,0.0
15.172,0.0,0.0,0.0,0.0
15.174,0.0,0.0,0.0,0.0
15.176,0.0,0.0,0.0,0.0
15.178,0.0,0.0,0.0,0.0
15.18,0.0,0.0,0.0,0.0
15.182,0.0,0.0,0.0,0.0
15.184,0.0,0.0,0.0,0.0
15.186,0.0,0.0,0.0,0.0
15.188,0.0,0.0,0.0,0.0
15.19,0.0,0.0,0.0,0.0
15.192,0.0,0.0,0.0,0.0
15.194,0.0,0.0,0.0,0.0
15.196,0.0,0.0,0.0,0.0
15.198,0.0,0.0,0.0,0.0
15.2,0.0,0.0,0.0,0.0
15.202,0.0,0.0,0.0,0.0
15.204,0.0,0.0,0.0,0.0
15.206,0.0,0.0,0.0,0.0
15.208,0.0,0.0,0.0,0.0
15.21,0.0,0.0,0.0,0.0
15.212,0.0,0.0,0.0,0.0
15.214,0.0,0.0,0.0,0.0
15.216,0.0,0.0,0.0,0.0
15.218,0.0,0.0,0.0,0.0
15.22,0.0,0.0,0.0,0.0
15.222,0.0,0.0,0.0,0.0
15.224,0.0,0.0,0.0,0.0
15.226,0.0,0.0,0.0,0.0
15.228,0.0,0.0,0.0,0.0
15.23,0.0,0.0,0.0,0.0
15.232,0.0,0.0,0.0,0.0
15.234,0.0,0.0,0.0,0.0
15.236,0.0,0.0,0.0,0.0
15.238,0.0,0.0,0.0,0.0
15.24,0.0,0.0,0.0,0.0
15.242,0.0,0.0,0.0,0.0
15.244,0.0,0.0,0.0,0.0
15.246,0.0,0.0,0.0,0.0
15.248,0.0,0.0,0.0,0.0
15.25,0.0,0.0,0.0,0.0
15.252,0.0,0.0,0.0,0.0
15.254,0.0,0.0,0.0,0.0
15.256,0.0,0.0,0.0,0.0
15.258,0.0,0.0,0.0,0.0
15.26,0.0,0.0,0.0,0.0
15.262,0.0,0.0,0.0,0.0
15.264,0.0,0.0,0.0,0.0
15.266,0.0,0.0,0.0,0.0
15.268,0.0,0.0,0.0,0.0
15.27,0.0,0.0,0.0,0.0
15.272,0.0,0.0,0.0,0.0
15.274,0.0,0.0,0.0,0.0
15.276,0.0,0.0,0.0,0.0
15.278,0.0,0.0,0.0,0.0
15.28,0.0,0.0,0.0,0.0
15.282,0.0,0.0,0.0,0.0
15.284,0.0,0.0,0.0,0.0
15.286,0.0,0.0,0.0,0.0
15.288,0.0,0.0,0.0,0.0
15.29,0.0,0.0,0.0,0.0
15.292,0.0,0.0,0.0,0.0
15.294,0.0,0.0,0.0,0.0
15.296,0.0,0.0,0.0,0.0
15.298,0.0,0.0,0.0,0.0
15.3,0.0,0.0,0.0,0.0
15.302,0.0,0.0,0.0,0.0
15.304,0.0,0.0,0.0,0.0
15.306,0.0,0.0,0.0,0.0
15.308,0.0,0.0,0.0,0.0
15.31,0.0,0.0,0.0,0.0
15.312,0.0,0.0,0.0,0.0
15.314,0.0,0.0,0.0,0.0
15.316,0.0,0.0,0.0,0.0
15.318,0.0,0.0,0.0,0.0
15.32,0.0,0.0,0.0,0.0
15.322,0.0,0.0,0.0,0.0
15.324,0.0,0.0,0.0,0.0
15.326,0.0,0.0,0.0,0.0
15.328,0.0,0.0,0.0,0.0
15.33,0.0,0.0,0.0,0.0
15.332,0.0,0.0,0.0,0.0
15.334,0.0,0.0,0.0,0.0
15.336,0.0,0.0,0.0,0.0
15.338,0.0,0.0,0.0,0.0
15.34,0.0,0.0,0.0,0.0
15.342,0.0,0.0,0.0,0.0
15.344,0.0,0.0,0.0,0.0
15.346,0.0,0.0,0.0,0.0
15.348,0.0,0.0,0.0,0.0
15.35,0.0,0.0,0.0,0.0
15.352,0.0,0.0,0.0,0.0
15.354,0.0,0.0,0.0,0.0
15.356,0.0,0.0,0.0,0.0
15.358,0.0,0.0,0.0,0.0
15.36,0.0,0.0,0.0,0.0
15.362,0.0,0.0,0.0,0.0
15.364,0.0,0.0,0.0,0.0
15.366,0.0,0.0,0.0,0.0
15.368,0.0,0.0,0.0,0.0
15.37,0.0,0.0,0.0,0.0
15.372,0.0,0.0,0.0,0.0
15.374,0.0,0.0,0.0,0.0
15.376,0.0,0.0,0.0,0.0
15.378,0.0,0.0,0.0,0.0
15.38,0.0,0.0,0.0,0.0
15.382,0.0,0.0,0.0,0.0
15.384,0.0,0.0,0.0,0.0
15.386,0.0,0.0,0.0,0.0
15.388,0.0,0.0,0.0,0.0
15.39,0.0,0.0,0.0,0.0
15.392,0.0,0.0,0.0,0.0
15.394,0.0,0.0,0.0,0.0
15.396,0.0,0.0,0.0,0.0
15.398,0.0,0.0,0.0,0.0
15.4,0.0,0.0,0.0,0.0
15.402,0.0,0.0,0.0,0.0
15.404,0.0,0.0,0.0,0.0
15.406,0.0,0.0,0.0,0.0
15.408,0.0,0.0,0.0,0.0
15.41,0.0,0.0,0.0,0.0
15.412,0.0,0.0,0.0,0.0
15.414,0.0,0.0,0.0,0.0
15.416,0.0,0.0,0.0,0.0
15.418,0.0,0.0,0.0,0.0
15.42,0.0,0.0,0.0,0.0
15.422,0.0,0.0,0.0,0.0
15.424,0.0,0.0,0.0,0.0
15.426,0.0,0.0,0.0,0.0
15.428,0.0,0.0,0.0,0.0
15.43,0.0,0.0,0.0,0.0
15.432,0.0,0.0,0.0,0.0
15.434,0.0,0.0,0.0,0.0
15.436,0.0,0.0,0.0,0.0
15.438,0.0,0.0,0.0,0.0
15.44,0.0,0.0,0.0,0.0
15.442,0.0,0.0,0.0,0.0
15.444,0.0,0.0,0.0,0.0
15.446,0.0,0.0,0.0,0.0
15.448,0.0,0.0,0.0,0.0
15.45,0.0,0.0,0.0,0.0
15.452,0.0,0.0,0.0,0.0
15.454,0.0,0.0,0.0,0.0
15.456,0.0,0.0,0.0,0.0
15.458,0.0,0.0,0.0,0.0
15.46,0.0,0.0,0.0,0.0
15.462,0.0,0.0,0.0,0.0
15.464,0.0,0.0,0.0,0.0
15.466,0.0,0.0,0.0,0.0
15.468,0.0,0.0,0.0,0.0
15.47,0.0,0.0,0.0,0.0
15.472,0.0,0.0,0.0,0.0
15.474,0.0,0.0,0.0,0.0
15.476,0.0,0.0,0.0,0.0
15.478,0.0,0.0,0.0,0.0
15.48,0.0,0.0,0.0,0.0
15.482,0.0,0.0,0.0,0.0
15.484,0.0,0.0,0.0,0.0
15.486,0.0,0.0,0.0,0.0
15.488,0.0,0.0,0.0,0.0
15.49,0.0,0.0,0.0,0.0
15.492,0.0,0.0,0.0,0.0
15.494,0.0,0.0,0.0,0.0
15.496,0.0,0.0,0.0,0.0
15.498,0.0,0.0,0.0,0.0
15.5,0.0,0.0,0.0,0.0
15.502,0.0,0.0,0.0,0.0
15.504,0.0,0.0,0.0,0.0
15.506,0.0,0.0,0.0,0.0
15.508,0.0,0.0,0.0,0.0
15.51,0.0,0.0,0.0,0.0
15.512,0.0,0.0,0.0,0.0
15.514,0.0,0.0,0.0,0.0
15.516,0.0,0.0,0.0,0.0
15.518,0.0,0.0,0.0,0.0
15.52,0.0,0.0,0.0,0.0
15.522,0.0,0.0,0.0,0.0
15.524,0.0,0.0,0.0,0.0
15.526,0.0,0.0,0.0,0.0
15.528,0.0,0.0,0.0,0.0
15.53,0.0,0.0,0.0,0.0
15.532,0.0,0.0,0.0,0.0
15.534,0.0,0.0,0.0,0.0
15.536,0.0,0.0,0.0,0.0
15.538,0.0,0.0,0.0,0.0
15.54,0.0,0.0,0.0,0.0
15.542,0.0,0.0,0.0,0.0
15.544,0.0,0.0,0.0,0.0
15.546,0.0,0.0,0.0,0.0
15.548,0.0,0.0,0.0,0.0
15.55,0.0,0.0,0.0,0.0
15.552,0.0,0.0,0.0,0.0
15.554,0.0,0.0,0.0,0.0
15.556,0.0,0.0,0.0,0.0
15.558,0.0,0.0,0.0,0.0
15.56,0.0,0.0,0.0,0.0
15.562,0.0,0.0,0.0,0.0
15.564,0.0,0.0,0.0,0.0
15.566,0.0,0.0,0.0,0.0
15.568,0.0,0.0,0.0,0.0
15.57,0.0,0.0,0.0,0.0
15.572,0.0,0.0,0.0,0.0
15.574,0.0,0.0,0.0,0.0
15.576,0.0,0.0,0.0,0.0
15.578,0.0,0.0,0.0,0.0
15.58,0.0,0.0,0.0,0.0
15.582,0.0,0.0,0.0,0.0
15.584,0.0,0.0,0.0,0.0
15.586,0.0,0.0,0.0,0.0
15.588,0.0,0.0,0.0,0.0
15.59,0.0,0.0,0.0,0.0
15.592,0.0,0.0,0.0,0.0
15.594,0.0,0.0,0.0,0.0
15.596,0.0,0.0,0.0,0.0
15.598,0.0,0.0,0.0,0.0
15.6,0.0,0.0,0.0,0.0
15.602,0.0,0.0,0.0,0.0
15.604,0.0,0.0,0.0,0.0
15.606,0.0,0.0,0.0,0.0
15.608,0.0,0.0,0.0,0.0
15.61,0.0,0.0,0.0,0.0
15.612,0.0,0.0,0.0,0.0
15.614,0.0,0.0,0.0,0.0
15.616,0.0,0.0,0.0,0.0
15.618,0.0,0.0,0.0,0.0
15.62,0.0,0.0,0.0,0.0
15.622,0.0,0.0,0.0,0.0
15.624,0.0,0.0,0.0,0.0
15.626,0.0,0.0,0.0,0.0
15.628,0.0,0.0,0.0,0.0
15.63,0.0,0.0,0.0,0.0
15.632,0.0,0.0,0.0,0.0
15.634,0.0,0.0,0.0,0.0
15.636,0.0,0.0,0.0,0.0
15.638,0.0,0.0,0.0,0.0
15.64,0.0,0.0,0.0,0.0
15.642,0.0,0.0,0.0,0.0
15.644,0.0,0.0,0.0,0.0
15.646,0.0,0.0,0.0,0.0
15.648,0.0,0.0,0.0,0.0
15.65,0.0,0.0,0.0,0.0
15.652,0.0,0.0,0.0,0.0
15.654,0.0,0.0,0.0,0.0
15.656,0.0,0.0,0.0,0.0
15.658,0.0,0.0,0.0,0.0
15.66,0.0,0.0,0.0,0.0
15.662,0.0,0.0,0.0,0.0
15.664,0.0,0.0,0.0,0.0
15.666,0.0,0.0,0.0,0.0
15.668,0.0,0.0,0.0,0.0
15.67,0.0,0.0,0.0,0.0
15.672,0.0,0.0,0.0,0.0
15.674,0.0,0.0,0.0,0.0
15.676,0.0,0.0,0.0,0.0
15.678,0.0,0.0,0.0,0.0
15.68,0.0,0.0,0.0,0.0
15.682,0.0,0.0,0.0,0.0
15.684,0.0,0.0,0.0,0.0
15.686,0.0,0.0,0.0,0.0
15.688,0.0,0.0,0.0,0.0
15.69,0.0,0.0,0.0,0.0
15.692,0.0,0.0,0.0,0.0
15.694,0.0,0.0,0.0,0.0
15.696,0.0,0.0,0.0,0.0
15.698,0.0,0.0,0.0,0.0
15.7,0.0,0.0,0.0,0.0
15.702,0.0,0.0,0.0,0.0
15.704,0.0,0.0,0.0,0.0
15.706,0.0,0.0,0.0,0.0
15.708,0.0,0.0,0.0,0.0
15.71,0.0,0.0,0.0,0.0
15.712,0.0,0.0,0.0,0.0
15.714,0.0,0.0,0.0,0.0
15.716,0.0,0.0,0.0,0.0
15.718,0.0,0.0,0.0,0.0
15.72,0.0,0.0,0.0,0.0
15.722,0.0,0.0,0.0,0.0
15.724,0.0,0.0,0.0,0.0
15.726,0.0,0.0,0.0,0.0
15.728,0.0,0.0,0.0,0.0
15.73,0.0,0.0,0.0,0.0
15.732,0.0,0.0,0.0,0.0
15.734,0.0,0.0,0.0,0.0
15.736,0.0,0.0,0.0,0.0
15.738,0.0,0.0,0.0,0.0
15.74,0.0,0.0,0.0,0.0
15.742,0.0,0.0,0.0,0.0
15.744,0.0,0.0,0.0,0.0
15.746,0.0,0.0,0.0,0.0
15.748,0.0,0.0,0.0,0.0
15.75,0.0,0.0,0.0,0.0
15.752,0.0,0.0,0.0,0.0
15.754,0.0,0.0,0.0,0.0
15.756,0.0,0.0,0.0,0.0
15.758,0.0,0.0,0.0,0.0
15.76,0.0,0.0,0.0,0.0
15.762,0.0,0.0,0.0,0.0
15.764,0.0,0.0,0.0,0.0
15.766,0.0,0.0,0.0,0.0
15.768,0.0,0.0,0.0,0.0
15.77,0.0,0.0,0.0,0.0
15.772,0.0,0.0,0.0,0.0
15.774,0.0,0.0,0.0,0.0
15.776,0.0,0.0,0.0,0.0
15.778,0.0,0.0,0.0,0.0
15.78,0.0,0.0,0.0,0.0
15.782,0.0,0.0,0.0,0.0
15.784,0.0,0.0,0.0,0.0
15.786,0.0,0.0,0.0,0.0
15.788,0.0,0.0,0.0,0.0
15.79,0.0,0.0,0.0,0.0
15.792,0.0,0.0,0.0,0.0
15.794,0.0,0.0,0.0,0.0
15.796,0.0,0.0,0.0,0.0
15.798,0.0,0.0,0.0,0.0
15.8,0.0,0.0,0.0,0.0
15.802,0.0,0.0,0.0,0.0
15.804,0.0,0.0,0.0,0.0
15.806,0.0,0.0,0.0,0.0
15.808,0.0,0.0,0.0,0.0
15.81,0.0,0.0,0.0,0.0
15.812,0.0,0.0,0.0,0.0
15.814,0.0,0.0,0.0,0.0
15.816,0.0,0.0,0.0,0.0
15.818,0.0,0.0,0.0,0.0
15.82,0.0,0.0,0.0,0.0
15.822,0.0,0.0,0.0,0.0
15.824,0.0,0.0,0.0,0.0
15.826,0.0,0.0,0.0,0.0
15.828,0.0,0.0,0.0,0.0
15.83,0.0,0.0,0.0,0.0
15.832,0.0,0.0,0.0,0.0
15.834,0.0,0.0,0.0,0.0
15.836,0.0,0.0,0.0,0.0
15.838,0.0,0.0,0.0,0.0
15.84,0.0,0.0,0.0,0.0
15.842,0.0,0.0,0.0,0.0
15.844,0.0,0.0,0.0,0.0
15.846,0.0,0.0,0.0,0.0
15.848,0.0,0.0,0.0,0.0
15.85,0.0,0.0,0.0,0.0
15.852,0.0,0.0,0.0,0.0
15.854,0.0,0.0,0.0,0.0
15.856,0.0,0.0,0.0,0.0
15.858,0.0,0.0,0.0,0.0
15.86,0.0,0.0,0.0,0.0
15.862,0.0,0.0,0.0,0.0
15.864,0.0,0.0,0.0,0.0
15.866,0.0,0.0,0.0,0.0
15.868,0.0,0.0,0.0,0.0
15.87,0.0,0.0,0.0,0.0
15.872,0.0,0.0,0.0,0.0
15.874,0.0,0.0,0.0,0.0
15.876,0.0,0.0,0.0,0.0
15.878,0.0,0.0,0.0,0.0
15.88,0.0,0.0,0.0,0.0
15.882,0.0,0.0,0.0,0.0
15.884,0.0,0.0,0.0,0.0
15.886,0.0,0.0,0.0,0.0
15.888,0.0,0.0,0.0,0.0
15.89,0.0,0.0,0.0,0.0
15.892,0.0,0.0,0.0,0.0
15.894,0.0,0.0,0.0,0.0
15.896,0.0,0.0,0.0,0.0
15.898,0.0,0.0,0.0,0.0
15.9,0.0,0.0,0.0,0.0
15.902,0.0,0.0,0.0,0.0
15.904,0.0,0.0,0.0,0.0
15.906,0.0,0.0,0.0,0.0
15.908,0.0,0.0,0.0,0.0
15.91,0.0,0.0,0.0,0.0
15.912,0.0,0.0,0.0,0.0
15.914,0.0,0.0,0.0,0.0
15.916,0.0,0.0,0.0,0.0
15.918,0.0,0.0,0.0,0.0
15.92,0.0,0.0,0.0,0.0
15.922,0.0,0.0,0.0,0.0
15.924,0.0,0.0,0.0,0.0
15.926,0.0,0.0,0.0,0.0
15.928,0.0,0.0,0.0,0.0
15.93,0.0,0.0,0.0,0.0
15.932,0.0,0.0,0.0,0.0
15.934,0.0,0.0,0.0,0.0
15.936,0.0,0.0,0.0,0.0
15.938,0.0,0.0,0.0,0.0
15.94,0.0,0.0,0.0,0.0
15.942,0.0,0.0,0.0,0.0
15.944,0.0,0.0,0.0,0.0
15.946,0.0,0.0,0.0,0.0
15.948,0.0,0.0,0.0,0.0
15.95,0.0,0.0,0.0,0.0
15.952,0.0,0.0,0.0,0.0
15.954,0.0,0.0,0.0,0.0
15.956,0.0,0.0,0.0,0.0
15.958,0.0,0.0,0.0,0.0
15.96,0.0,0.0,0.0,0.0
15.962,0.0,0.0,0.0,0.0
15.964,0.0,0.0,0.0,0.0
15.966,0.0,0.0,0.0,0.0
15.968,0.0,0.0,0.0,0.0
15.97,0.0,0.0,0.0,0.0
15.972,0.0,0.0,0.0,0.0
15.974,0.0,0.0,0.0,0.0
15.976,0.0,0.0,0.0,0.0
15.978,0.0,0.0,0.0,0.0
15.98,0.0,0.0,0.0,0.0
15.982,0.0,0.0,0.0,0.0
15.984,0.0,0.0,0.0,0.0
15.986,0.0,0.0,0.0,0.0
15.988,0.0,0.0,0.0,0.0
15.99,0.0,0.0,0.0,0.0
15.992,0.0,0.0,0.0,0.0
15.994,0.0,0.0,0.0,0.0
15.996,0.0,0.0,0.0,0.0
15.998,0.0,0.0,0.0,0.0
16.0,0.0,0.0,0.0,0.0
16.002,0.0,0.0,0.0,0.0
16.004,0.0,0.0,0.0,0.0
16.006,0.0,0.0,0.0,0.0
16.008,0.0,0.0,0.0,0.0
16.01,0.0,0.0,0.0,0.0
16.012,0.0,0.0,0.0,0.0
16.014,0.0,0.0,0.0,0.0
16.016,0.0,0.0,0.0,0.0
16.018,0.0,0.0,0.0,0.0
16.02,0.0,0.0,0.0,0.0
16.022,0.0,0.0,0.0,0.0
16.024,0.0,0.0,0.0,0.0
16.026,0.0,0.0,0.0,0.0
16.028,0.0,0.0,0.0,0.0
16.03,0.0,0.0,0.0,0.0
16.032,0.0,0.0,0.0,0.0
16.034,0.0,0.0,0.0,0.0
16.036,0.0,0.0,0.0,0.0
16.038,0.0,0.0,0.0,0.0
16.04,0.0,0.0,0.0,0.0
16.042,0.0,0.0,0.0,0.0
16.044,0.0,0.0,0.0,0.0
16.046,0.0,0.0,0.0,0.0
16.048,0.0,0.0,0.0,0.0
16.05,0.0,0.0,0.0,0.0
16.052,0.0,0.0,0.0,0.0
16.054,0.0,0.0,0.0,0.0
16.056,0.0,0.0,0.0,0.0
16.058,0.0,0.0,0.0,0.0
16.06,0.0,0.0,0.0,0.0
16.062,0.0,0.0,0.0,0.0
16.064,0.0,0.0,0.0,0.0
16.066,0.0,0.0,0.0,0.0
16.068,0.0,0.0,0.0,0.0
16.07,0.0,0.0,0.0,0.0
16.072,0.0,0.0,0.0,0.0
16.074,0.0,0.0,0.0,0.0
16.076,0.0,0.0,0.0,0.0
16.078,0.0,0.0,0.0,0.0
16.08,0.0,0.0,0.0,0.0
16.082,0.0,0.0,0.0,0.0
16.084,0.0,0.0,0.0,0.0
16.086,0.0,0.0,0.0,0.0
16.088,0.0,0.0,0.0,0.0
16.09,0.0,0.0,0.0,0.0
16.092,0.0,0.0,0.0,0.0
16.094,0.0,0.0,0.0,0.0
16.096,0.0,0.0,0.0,0.0
16.098,0.0,0.0,0.0,0.0
16.1,0.0,0.0,0.0,0.0
16.102,0.0,0.0,0.0,0.0
16.104,0.0,0.0,0.0,0.0
16.106,0.0,0.0,0.0,0.0
16.108,0.0,0.0,0.0,0.0
16.11,0.0,0.0,0.0,0.0
16.112,0.0,0.0,0.0,0.0
16.114,0.0,0.0,0.0,0.0
16.116,0.0,0.0,0.0,0.0
16.118,0.0,0.0,0.0,0.0
16.12,0.0,0.0,0.0,0.0
16.122,0.0,0.0,0.0,0.0
16.124,0.0,0.0,0.0,0.0
16.126,0.0,0.0,0.0,0.0
16.128,0.0,0.0,0.0,0.0
16.13,0.0,0.0,0.0,0.0
16.132,0.0,0.0,0.0,0.0
16.134,0.0,0.0,0.0,0.0
16.136,0.0,0.0,0.0,0.0
16.138,0.0,0.0,0.0,0.0
16.14,0.0,0.0,0.0,0.0
16.142,0.0,0.0,0.0,0.0
16.144,0.0,0.0,0.0,0.0
16.146,0.0,0.0,0.0,0.0
16.148,0.0,0.0,0.0,0.0
16.15,0.0,0.0,0.0,0.0
16.152,0.0,0.0,0.0,0.0
16.154,0.0,0.0,0.0,0.0
16.156,0.0,0.0,0.0,0.0
16.158,0.0,0.0,0.0,0.0
16.16,0.0,0.0,0.0,0.0
16.162,0.0,0.0,0.0,0.0
16.164,0.0,0.0,0.0,0.0
16.166,0.0,0.0,0.0,0.0
16.168,0.0,0.0,0.0,0.0
16.17,0.0,0.0,0.0,0.0
16.172,0.0,0.0,0.0,0.0
16.174,0.0,0.0,0.0,0.0
16.176,0.0,0.0,0.0,0.0
16.178,0.0,0.0,0.0,0.0
16.18,0.0,0.0,0.0,0.0
16.182,0.0,0.0,0.0,0.0
16.184,0.0,0.0,0.0,0.0
16.186,0.0,0.0,0.0,0.0
16.188,0.0,0.0,0.0,0.0
16.19,0.0,0.0,0.0,0.0
16.192,0.0,0.0,0.0,0.0
16.194,0.0,0.0,0.0,0.0
16.196,0.0,0.0,0.0,0.0
16.198,0.0,0.0,0.0,0.0
16.2,0.0,0.0,0.0,0.0
16.202,0.0,0.0,0.0,0.0
16.204,0.0,0.0,0.0,0.0
16.206,0.0,0.0,0.0,0.0
16.208,0.0,0.0,0.0,0.0
16.21,0.0,0.0,0.0,0.0
16.212,0.0,0.0,0.0,0.0
16.214,0.0,0.0,0.0,0.0
16.216,0.0,0.0,0.0,0.0
16.218,0.0,0.0,0.0,0.0
16.22,0.0,0.0,0.0,0.0
16.222,0.0,0.0,0.0,0.0
16.224,0.0,0.0,0.0,0.0
16.226,0.0,0.0,0.0,0.0
16.228,0.0,0.0,0.0,0.0
16.23,0.0,0.0,0.0,0.0
16.232,0.0,0.0,0.0,0.0
16.234,0.0,0.0,0.0,0.0
16.236,0.0,0.0,0.0,0.0
16.238,0.0,0.0,0.0,0.0
16.24,0.0,0.0,0.0,0.0
16.242,0.0,0.0,0.0,0.0
16.244,0.0,0.0,0.0,0.0
16.246,0.0,0.0,0.0,0.0
16.248,0.0,0.0,0.0,0.0
16.25,0.0,0.0,0.0,0.0
16.252,0.0,0.0,0.0,0.0
16.254,0.0,0.0,0.0,0.0
16.256,0.0,0.0,0.0,0.0
16.258,0.0,0.0,0.0,0.0
16.26,0.0,0.0,0.0,0.0
16.262,0.0,0.0,0.0,0.0
16.264,0.0,0.0,0.0,0.0
16.266,0.0,0.0,0.0,0.0
16.268,0.0,0.0,0.0,0.0
16.27,0.0,0.0,0.0,0.0
16.272,0.0,0.0,0.0,0.0
16.274,0.0,0.0,0.0,0.0
16.276,0.0,0.0,0.0,0.0
16.278,0.0,0.0,0.0,0.0
16.28,0.0,0.0,0.0,0.0
16.282,0.0,0.0,0.0,0.0
16.284,0.0,0.0,0.0,0.0
16.286,0.0,0.0,0.0,0.0
16.288,0.0,0.0,0.0,0.0
16.29,0.0,0.0,0.0,0.0
16.292,0.0,0.0,0.0,0.0
16.294,0.0,0.0,0.0,0.0
16.296,0.0,0.0,0.0,0.0
16.298,0.0,0.0,0.0,0.0
16.3,0.0,0.0,0.0,0.0
16.302,0.0,0.0,0.0,0.0
16.304,0.0,0.0,0.0,0.0
16.306,0.0,0.0,0.0,0.0
16.308,0.0,0.0,0.0,0.0
16.31,0.0,0.0,0.0,0.0
16.312,0.0,0.0,0.0,0.0
16.314,0.0,0.0,0.0,0.0
16.316,0.0,0.0,0.0,0.0
16.318,0.0,0.0,0.0,0.0
16.32,0.0,0.0,0.0,0.0
16.322,0.0,0.0,0.0,0.0
16.324,0.0,0.0,0.0,0.0
16.326,0.0,0.0,0.0,0.0
16.328,0.0,0.0,0.0,0.0
16.33,0.0,0.0,0.0,0.0
16.332,0.0,0.0,0.0,0.0
16.334,0.0,0.0,0.0,0.0
16.336,0.0,0.0,0.0,0.0
16.338,0.0,0.0,0.0,0.0
16.34,0.0,0.0,0.0,0.0
16.342,0.0,0.0,0.0,0.0
16.344,0.0,0.0,0.0,0.0
16.346,0.0,0.0,0.0,0.0
16.348,0.0,0.0,0.0,0.0
16.35,0.0,0.0,0.0,0.0
16.352,0.0,0.0,0.0,0.0
16.354,0.0,0.0,0.0,0.0
16.356,0.0,0.0,0.0,0.0
16.358,0.0,0.0,0.0,0.0
16.36,0.0,0.0,0.0,0.0
16.362,0.0,0.0,0.0,0.0
16.364,0.0,0.0,0.0,0.0
16.366,0.0,0.0,0.0,0.0
16.368,0.0,0.0,0.0,0.0
16.37,0.0,0.0,0.0,0.0
16.372,0.0,0.0,0.0,0.0
16.374,0.0,0.0,0.0,0.0
16.376,0.0,0.0,0.0,0.0
16.378,0.0,0.0,0.0,0.0
16.38,0.0,0.0,0.0,0.0
16.382,0.0,0.0,0.0,0.0
16.384,0.0,0.0,0.0,0.0
16.386,0.0,0.0,0.0,0.0
16.388,0.0,0.0,0.0,0.0
16.39,0.0,0.0,0.0,0.0
16.392,0.0,0.0,0.0,0.0
16.394,0.0,0.0,0.0,0.0
16.396,0.0,0.0,0.0,0.0
16.398,0.0,0.0,0.0,0.0
16.4,0.0,0.0,0.0,0.0
16.402,0.0,0.0,0.0,0.0
16.404,0.0,0.0,0.0,0.0
16.406,0.0,0.0,0.0,0.0
16.408,0.0,0.0,0.0,0.0
16.41,0.0,0.0,0.0,0.0
16.412,0.0,0.0,0.0,0.0
16.414,0.0,0.0,0.0,0.0
16.416,0.0,0.0,0.0,0.0
16.418,0.0,0.0,0.0,0.0
16.42,0.0,0.0,0.0,0.0
16.422,0.0,0.0,0.0,0.0
16.424,0.0,0.0,0.0,0.0
16.426,0.0,0.0,0.0,0.0
16.428,0.0,0.0,0.0,0.0
16.43,0.0,0.0,0.0,0.0
16.432,0.0,0.0,0.0,0.0
16.434,0.0,0.0,0.0,0.0
16.436,0.0,0.0,0.0,0.0
16.438,0.0,0.0,0.0,0.0
16.44,0.0,0.0,0.0,0.0
16.442,0.0,0.0,0.0,0.0
16.444,0.0,0.0,0.0,0.0
16.446,0.0,0.0,0.0,0.0
16.448,0.0,0.0,0.0,0.0
16.45,0.0,0.0,0.0,0.0
16.452,0.0,0.0,0.0,0.0
16.454,0.0,0.0,0.0,0.0
16.456,0.0,0.0,0.0,0.0
16.458,0.0,0.0,0.0,0.0
16.46,0.0,0.0,0.0,0.0
16.462,0.0,0.0,0.0,0.0
16.464,0.0,0.0,0.0,0.0
16.466,0.0,0.0,0.0,0.0
16.468,0.0,0.0,0.0,0.0
16.47,0.0,0.0,0.0,0.0
16.472,0.0,0.0,0.0,0.0
16.474,0.0,0.0,0.0,0.0
16.476,0.0,0.0,0.0,0.0
16.478,0.0,0.0,0.0,0.0
16.48,0.0,0.0,0.0,0.0
16.482,0.0,0.0,0.0,0.0
16.484,0.0,0.0,0.0,0.0
16.486,0.0,0.0,0.0,0.0
16.488,0.0,0.0,0.0,0.0
16.49,0.0,0.0,0.0,0.0
16.492,0.0,0.0,0.0,0.0
16.494,0.0,0.0,0.0,0.0
16.496,0.0,0.0,0.0,0.0
16.498,0.0,0.0,0.0,0.0
16.5,0.0,0.0,0.0,0.0
16.502,0.0,0.0,0.0,0.0
16.504,0.0,0.0,0.0,0.0
16.506,0.0,0.0,0.0,0.0
16.508,0.0,0.0,0.0,0.0
16.51,0.0,0.0,0.0,0.0
16.512,0.0,0.0,0.0,0.0
16.514,0.0,0.0,0.0,0.0
16.516,0.0,0.0,0.0,0.0
16.518,0.0,0.0,0.0,0.0
16.52,0.0,0.0,0.0,0.0
16.522,0.0,0.0,0.0,0.0
16.524,0.0,0.0,0.0,0.0
16.526,0.0,0.0,0.0,0.0
16.528,0.0,0.0,0.0,0.0
16.53,0.0,0.0,0.0,0.0
16.532,0.0,0.0,0.0,0.0
16.534,0.0,0.0,0.0,0.0
16.536,0.0,0.0,0.0,0.0
16.538,0.0,0.0,0.0,0.0
16.54,0.0,0.0,0.0,0.0
16.542,0.0,0.0,0.0,0.0
16.544,0.0,0.0,0.0,0.0
16.546,0.0,0.0,0.0,0.0
16.548,0.0,0.0,0.0,0.0
16.55,0.0,0.0,0.0,0.0
16.552,0.0,0.0,0.0,0.0
16.554,0.0,0.0,0.0,0.0
16.556,0.0,0.0,0.0,0.0
16.558,0.0,0.0,0.0,0.0
16.56,0.0,0.0,0.0,0.0
16.562,0.0,0.0,0.0,0.0
16.564,0.0,0.0,0.0,0.0
16.566,0.0,0.0,0.0,0.0
16.568,0.0,0.0,0.0,0.0
16.57,0.0,0.0,0.0,0.0
16.572,0.0,0.0,0.0,0.0
16.574,0.0,0.0,0.0,0.0
16.576,0.0,0.0,0.0,0.0
16.578,0.0,0.0,0.0,0.0
16.58,0.0,0.0,0.0,0.0
16.582,0.0,0.0,0.0,0.0
16.584,0.0,0.0,0.0,0.0
16.586,0.0,0.0,0.0,0.0
16.588,0.0,0.0,0.0,0.0
16.59,0.0,0.0,0.0,0.0
16.592,0.0,0.0,0.0,0.0
16.594,0.0,0.0,0.0,0.0
16.596,0.0,0.0,0.0,0.0
16.598,0.0,0.0,0.0,0.0
16.6,0.0,0.0,0.0,0.0
16.602,0.0,0.0,0.0,0.0
16.604,0.0,0.0,0.0,0.0
16.606,0.0,0.0,0.0,0.0
16.608,0.0,0.0,0.0,0.0
16.61,0.0,0.0,0.0,0.0
16.612,0.0,0.0,0.0,0.0
16.614,0.0,0.0,0.0,0.0
16.616,0.0,0.0,0.0,0.0
16.618,0.0,0.0,0.0,0.0
16.62,0.0,0.0,0.0,0.0
16.622,0.0,0.0,0.0,0.0
16.624,0.0,0.0,0.0,0.0
16.626,0.0,0.0,0.0,0.0
16.628,0.0,0.0,0.0,0.0
16.63,0.0,0.0,0.0,0.0
16.632,0.0,0.0,0.0,0.0
16.634,0.0,0.0,0.0,0.0
16.636,0.0,0.0,0.0,0.0
16.638,0.0,0.0,0.0,0.0
16.64,0.0,0.0,0.0,0.0
16.642,0.0,0.0,0.0,0.0
16.644,0.0,0.0,0.0,0.0
16.646,0.0,0.0,0.0,0.0
16.648,0.0,0.0,0.0,0.0
16.65,0.0,0.0,0.0,0.0
16.652,0.0,0.0,0.0,0.0
16.654,0.0,0.0,0.0,0.0
16.656,0.0,0.0,0.0,0.0
16.658,0.0,0.0,0.0,0.0
16.66,0.0,0.0,0.0,0.0
16.662,0.0,0.0,0.0,0.0
16.664,0.0,0.0,0.0,0.0
16.666,0.0,0.0,0.0,0.0
16.668,0.0,0.0,0.0,0.0
16.67,0.0,0.0,0.0,0.0
16.672,0.0,0.0,0.0,0.0
16.674,0.0,0.0,0.0,0.0
16.676,0.0,0.0,0.0,0.0
16.678,0.0,0.0,0.0,0.0
16.68,0.0,0.0,0.0,0.0
16.682,0.0,0.0,0.0,0.0
16.684,0.0,0.0,0.0,0.0
16.686,0.0,0.0,0.0,0.0
16.688,0.0,0.0,0.0,0.0
16.69,0.0,0.0,0.0,0.0
16.692,0.0,0.0,0.0,0.0
16.694,0.0,0.0,0.0,0.0
16.696,0.0,0.0,0.0,0.0
16.698,0.0,0.0,0.0,0.0
16.7,0.0,0.0,0.0,0.0
16.702,0.0,0.0,0.0,0.0
16.704,0.0,0.0,0.0,0.0
16.706,0.0,0.0,0.0,0.0
16.708,0.0,0.0,0.0,0.0
16.71,0.0,0.0,0.0,0.0
16.712,0.0,0.0,0.0,0.0
16.714,0.0,0.0,0.0,0.0
16.716,0.0,0.0,0.0,0.0
16.718,0.0,0.0,0.0,0.0
16.72,0.0,0.0,0.0,0.0
16.722,0.0,0.0,0.0,0.0
16.724,0.0,0.0,0.0,0.0
16.726,0.0,0.0,0.0,0.0
16.728,0.0,0.0,0.0,0.0
16.73,0.0,0.0,0.0,0.0
16.732,0.0,0.0,0.0,0.0
16.734,0.0,0.0,0.0,0.0
16.736,0.0,0.0,0.0,0.0
16.738,0.0,0.0,0.0,0.0
16.74,0.0,0.0,0.0,0.0
16.742,0.0,0.0,0.0,0.0
16.744,0.0,0.0,0.0,0.0
16.746,0.0,0.0,0.0,0.0
16.748,0.0,0.0,0.0,0.0
16.75,0.0,0.0,0.0,0.0
16.752,0.0,0.0,0.0,0.0
16.754,0.0,0.0,0.0,0.0
16.756,0.0,0.0,0.0,0.0
16.758,0.0,0.0,0.0,0.0
16.76,0.0,0.0,0.0,0.0
16.762,0.0,0.0,0.0,0.0
16.764,0.0,0.0,0.0,0.0
16.766,0.0,0.0,0.0,0.0
16.768,0.0,0.0,0.0,0.0
16.77,0.0,0.0,0.0,0.0
16.772,0.0,0.0,0.0,0.0
16.774,0.0,0.0,0.0,0.0
16.776,0.0,0.0,0.0,0.0
16.778,0.0,0.0,0.0,0.0
16.78,0.0,0.0,0.0,0.0
16.782,0.0,0.0,0.0,0.0
16.784,0.0,0.0,0.0,0.0
16.786,0.0,0.0,0.0,0.0
16.788,0.0,0.0,0.0,0.0
16.79,0.0,0.0,0.0,0.0
16.792,0.0,0.0,0.0,0.0
16.794,0.0,0.0,0.0,0.0
16.796,0.0,0.0,0.0,0.0
16.798,0.0,0.0,0.0,0.0
16.8,0.0,0.0,0.0,0.0
16.802,0.0,0.0,0.0,0.0
16.804,0.0,0.0,0.0,0.0
16.806,0.0,0.0,0.0,0.0
16.808,0.0,0.0,0.0,0.0
16.81,0.0,0.0,0.0,0.0
16.812,0.0,0.0,0.0,0.0
16.814,0.0,0.0,0.0,0.0
16.816,0.0,0.0,0.0,0.0
16.818,0.0,0.0,0.0,0.0
16.82,0.0,0.0,0.0,0.0
16.822,0.0,0.0,0.0,0.0
16.824,0.0,0.0,0.0,0.0
16.826,0.0,0.0,0.0,0.0
16.828,0.0,0.0,0.0,0.0
16.83,0.0,0.0,0.0,0.0
16.832,0.0,0.0,0.0,0.0
16.834,0.0,0.0,0.0,0.0
16.836,0.0,0.0,0.0,0.0
16.838,0.0,0.0,0.0,0.0
16.84,0.0,0.0,0.0,0.0
16.842,0.0,0.0,0.0,0.0
16.844,0.0,0.0,0.0,0.0
16.846,0.0,0.0,0.0,0.0
16.848,0.0,0.0,0.0,0.0
16.85,0.0,0.0,0.0,0.0
16.852,0.0,0.0,0.0,0.0
16.854,0.0,0.0,0.0,0.0
16.856,0.0,0.0,0.0,0.0
16.858,0.0,0.0,0.0,0.0
16.86,0.0,0.0,0.0,0.0
16.862,0.0,0.0,0.0,0.0
16.864,0.0,0.0,0.0,0.0
16.866,0.0,0.0,0.0,0.0
16.868,0.0,0.0,0.0,0.0
16.87,0.0,0.0,0.0,0.0
16.872,0.0,0.0,0.0,0.0
16.874,0.0,0.0,0.0,0.0
16.876,0.0,0.0,0.0,0.0
16.878,0.0,0.0,0.0,0.0
16.88,0.0,0.0,0.0,0.0
16.882,0.0,0.0,0.0,0.0
16.884,0.0,0.0,0.0,0.0
16.886,0.0,0.0,0.0,0.0
16.888,0.0,0.0,0.0,0.0
16.89,0.0,0.0,0.0,0.0
16.892,0.0,0.0,0.0,0.0
16.894,0.0,0.0,0.0,0.0
16.896,0.0,0.0,0.0,0.0
16.898,0.0,0.0,0.0,0.0
16.9,0.0,0.0,0.0,0.0
16.902,0.0,0.0,0.0,0.0
16.904,0.0,0.0,0.0,0.0
16.906,0.0,0.0,0.0,0.0
16.908,0.0,0.0,0.0,0.0
16.91,0.0,0.0,0.0,0.0
16.912,0.0,0.0,0.0,0.0
16.914,0.0,0.0,0.0,0.0
16.916,0.0,0.0,0.0,0.0
16.918,0.0,0.0,0.0,0.0
16.92,0.0,0.0,0.0,0.0
16.922,0.0,0.0,0.0,0.0
16.924,0.0,0.0,0.0,0.0
16.926,0.0,0.0,0.0,0.0
16.928,0.0,0.0,0.0,0.0
16.93,0.0,0.0,0.0,0.0
16.932,0.0,0.0,0.0,0.0
16.934,0.0,0.0,0.0,0.0
16.936,0.0,0.0,0.0,0.0
16.938,0.0,0.0,0.0,0.0
16.94,0.0,0.0,0.0,0.0
16.942,0.0,0.0,0.0,0.0
16.944,0.0,0.0,0.0,0.0
16.946,0.0,0.0,0.0,0.0
16.948,0.0,0.0,0.0,0.0
16.95,0.0,0.0,0.0,0.0
16.952,0.0,0.0,0.0,0.0
16.954,0.0,0.0,0.0,0.0
16.956,0.0,0.0,0.0,0.0
16.958,0.0,0.0,0.0,0.0
16.96,0.0,0.0,0.0,0.0
16.962,0.0,0.0,0.0,0.0
16.964,0.0,0.0,0.0,0.0
16.966,0.0,0.0,0.0,0.0
16.968,0.0,0.0,0.0,0.0
16.97,0.0,0.0,0.0,0.0
16.972,0.0,0.0,0.0,0.0
16.974,0.0,0.0,0.0,0.0
16.976,0.0,0.0,0.0,0.0
16.978,0.0,0.0,0.0,0.0
16.98,0.0,0.0,0.0,0.0
16.982,0.0,0.0,0.0,0.0
16.984,0.0,0.0,0.0,0.0
16.986,0.0,0.0,0.0,0.0
16.988,0.0,0.0,0.0,0.0
16.99,0.0,0.0,0.0,0.0
16.992,0.0,0.0,0.0,0.0
16.994,0.0,0.0,0.0,0.0
16.996,0.0,0.0,0.0,0.0
16.998,0.0,0.0,0.0,0.0
17.0,0.0,0.0,0.0,0.0
17.002,0.0,0.0,0.0,0.0
17.004,0.0,0.0,0.0,0.0
17.006,0.0,0.0,0.0,0.0
17.008,0.0,0.0,0.0,0.0
17.01,0.0,0.0,0.0,0.0
17.012,0.0,0.0,0.0,0.0
17.014,0.0,0.0,0.0,0.0
17.016,0.0,0.0,0.0,0.0
17.018,0.0,0.0,0.0,0.0
17.02,0.0,0.0,0.0,0.0
17.022,0.0,0.0,0.0,0.0
17.024,0.0,0.0,0.0,0.0
17.026,0.0,0.0,0.0,0.0
17.028,0.0,0.0,0.0,0.0
17.03,0.0,0.0,0.0,0.0
17.032,0.0,0.0,0.0,0.0
17.034,0.0,0.0,0.0,0.0
17.036,0.0,0.0,0.0,0.0
17.038,0.0,0.0,0.0,0.0
17.04,0.0,0.0,0.0,0.0
17.042,0.0,0.0,0.0,0.0
17.044,0.0,0.0,0.0,0.0
17.046,0.0,0.0,0.0,0.0
17.048,0.0,0.0,0.0,0.0
17.05,0.0,0.0,0.0,0.0
17.052,0.0,0.0,0.0,0.0
17.054,0.0,0.0,0.0,0.0
17.056,0.0,0.0,0.0,0.0
17.058,0.0,0.0,0.0,0.0
17.06,0.0,0.0,0.0,0.0
17.062,0.0,0.0,0.0,0.0
17.064,0.0,0.0,0.0,0.0
17.066,0.0,0.0,0.0,0.0
17.068,0.0,0.0,0.0,0.0
17.07,0.0,0.0,0.0,0.0
17.072,0.0,0.0,0.0,0.0
17.074,0.0,0.0,0.0,0.0
17.076,0.0,0.0,0.0,0.0
17.078,0.0,0.0,0.0,0.0
17.08,0.0,0.0,0.0,0.0
17.082,0.0,0.0,0.0,0.0
17.084,0.0,0.0,0.0,0.0
17.086,0.0,0.0,0.0,0.0
17.088,0.0,0.0,0.0,0.0
17.09,0.0,0.0,0.0,0.0
17.092,0.0,0.0,0.0,0.0
17.094,0.0,0.0,0.0,0.0
17.096,0.0,0.0,0.0,0.0
17.098,0.0,0.0,0.0,0.0
17.1,0.0,0.0,0.0,0.0
17.102,0.0,0.0,0.0,0.0
17.104,0.0,0.0,0.0,0.0
17.106,0.0,0.0,0.0,0.0
17.108,0.0,0.0,0.0,0.0
17.11,0.0,0.0,0.0,0.0
17.112,0.0,0.0,0.0,0.0
17.114,0.0,0.0,0.0,0.0
17.116,0.0,0.0,0.0,0.0
17.118,0.0,0.0,0.0,0.0
17.12,0.0,0.0,0.0,0.0
17.122,0.0,0.0,0.0,0.0
17.124,0.0,0.0,0.0,0.0
17.126,0.0,0.0,0.0,0.0
17.128,0.0,0.0,0.0,0.0
17.13,0.0,0.0,0.0,0.0
17.132,0.0,0.0,0.0,0.0
17.134,0.0,0.0,0.0,0.0
17.136,0.0,0.0,0.0,0.0
17.138,0.0,0.0,0.0,0.0
17.14,0.0,0.0,0.0,0.0
17.142,0.0,0.0,0.0,0.0
17.144,0.0,0.0,0.0,0.0
17.146,0.0,0.0,0.0,0.0
17.148,0.0,0.0,0.0,0.0
17.15,0.0,0.0,0.0,0.0
17.152,0.0,0.0,0.0,0.0
17.154,0.0,0.0,0.0,0.0
17.156,0.0,0.0,0.0,0.0
17.158,0.0,0.0,0.0,0.0
17.16,0.0,0.0,0.0,0.0
17.162,0.0,0.0,0.0,0.0
17.164,0.0,0.0,0.0,0.0
17.166,0.0,0.0,0.0,0.0
17.168,0.0,0.0,0.0,0.0
17.17,0.0,0.0,0.0,0.0
17.172,0.0,0.0,0.0,0.0
17.174,0.0,0.0,0.0,0.0
17.176,0.0,0.0,0.0,0.0
17.178,0.0,0.0,0.0,0.0
17.18,0.0,0.0,0.0,0.0
17.182,0.0,0.0,0.0,0.0
17.184,0.0,0.0,0.0,0.0
17.186,0.0,0.0,0.0,0.0
17.188,0.0,0.0,0.0,0.0
17.19,0.0,0.0,0.0,0.0
17.192,0.0,0.0,0.0,0.0
17.194,0.0,0.0,0.0,0.0
17.196,0.0,0.0,0.0,0.0
17.198,0.0,0.0,0.0,0.0
17.2,0.0,0.0,0.0,0.0
17.202,0.0,0.0,0.0,0.0
17.204,0.0,0.0,0.0,0.0
17.206,0.0,0.0,0.0,0.0
17.208,0.0,0.0,0.0,0.0
17.21,0.0,0.0,0.0,0.0
17.212,0.0,0.0,0.0,0.0
17.214,0.0,0.0,0.0,0.0
17.216,0.0,0.0,0.0,0.0
17.218,0.0,0.0,0.0,0.0
17.22,0.0,0.0,0.0,0.0
17.222,0.0,0.0,0.0,0.0
17.224,0.0,0.0,0.0,0.0
17.226,0.0,0.0,0.0,0.0
17.228,0.0,0.0,0.0,0.0
17.23,0.0,0.0,0.0,0.0
17.232,0.0,0.0,0.0,0.0
17.234,0.0,0.0,0.0,0.0
17.236,0.0,0.0,0.0,0.0
17.238,0.0,0.0,0.0,0.0
17.24,0.0,0.0,0.0,0.0
17.242,0.0,0.0,0.0,0.0
17.244,0.0,0.0,0.0,0.0
17.246,0.0,0.0,0.0,0.0
17.248,0.0,0.0,0.0,0.0
17.25,0.0,0.0,0.0,0.0
17.252,0.0,0.0,0.0,0.0
17.254,0.0,0.0,0.0,0.0
17.256,0.0,0.0,0.0,0.0
17.258,0.0,0.0,0.0,0.0
17.26,0.0,0.0,0.0,0.0
17.262,0.0,0.0,0.0,0.0
17.264,0.0,0.0,0.0,0.0
17.266,0.0,0.0,0.0,0.0
17.268,0.0,0.0,0.0,0.0
17.27,0.0,0.0,0.0,0.0
17.272,0.0,0.0,0.0,0.0
17.274,0.0,0.0,0.0,0.0
17.276,0.0,0.0,0.0,0.0
17.278,0.0,0.0,0.0,0.0
17.28,0.0,0.0,0.0,0.0
17.282,0.0,0.0,0.0,0.0
17.284,0.0,0.0,0.0,0.0
17.286,0.0,0.0,0.0,0.0
17.288,0.0,0.0,0.0,0.0
17.29,0.0,0.0,0.0,0.0
17.292,0.0,0.0,0.0,0.0
17.294,0.0,0.0,0.0,0.0
17.296,0.0,0.0,0.0,0.0
17.298,0.0,0.0,0.0,0.0
17.3,0.0,0.0,0.0,0.0
17.302,0.0,0.0,0.0,0.0
17.304,0.0,0.0,0.0,0.0
17.306,0.0,0.0,0.0,0.0
17.308,0.0,0.0,0.0,0.0
17.31,0.0,0.0,0.0,0.0
17.312,0.0,0.0,0.0,0.0
17.314,0.0,0.0,0.0,0.0
17.316,0.0,0.0,0.0,0.0
17.318,0.0,0.0,0.0,0.0
17.32,0.0,0.0,0.0,0.0
17.322,0.0,0.0,0.0,0.0
17.324,0.0,0.0,0.0,0.0
17.326,0.0,0.0,0.0,0.0
17.328,0.0,0.0,0.0,0.0
17.33,0.0,0.0,0.0,0.0
17.332,0.0,0.0,0.0,0.0
17.334,0.0,0.0,0.0,0.0
17.336,0.0,0.0,0.0,0.0
17.338,0.0,0.0,0.0,0.0
17.34,0.0,0.0,0.0,0.0
17.342,0.0,0.0,0.0,0.0
17.344,0.0,0.0,0.0,0.0
17.346,0.0,0.0,0.0,0.0
17.348,0.0,0.0,0.0,0.0
17.35,0.0,0.0,0.0,0.0
17.352,0.0,0.0,0.0,0.0
17.354,0.0,0.0,0.0,0.0
17.356,0.0,0.0,0.0,0.0
17.358,0.0,0.0,0.0,0.0
17.36,0.0,0.0,0.0,0.0
17.362,0.0,0.0,0.0,0.0
17.364,0.0,0.0,0.0,0.0
17.366,0.0,0.0,0.0,0.0
17.368,0.0,0.0,0.0,0.0
17.37,0.0,0.0,0.0,0.0
17.372,0.0,0.0,0.0,0.0
17.374,0.0,0.0,0.0,0.0
17.376,0.0,0.0,0.0,0.0
17.378,0.0,0.0,0.0,0.0
17.38,0.0,0.0,0.0,0.0
17.382,0.0,0.0,0.0,0.0
17.384,0.0,0.0,0.0,0.0
17.386,0.0,0.0,0.0,0.0
17.388,0.0,0.0,0.0,0.0
17.39,0.0,0.0,0.0,0.0
17.392,0.0,0.0,0.0,0.0
17.394,0.0,0.0,0.0,0.0
17.396,0.0,0.0,0.0,0.0
17.398,0.0,0.0,0.0,0.0
17.4,0.0,0.0,0.0,0.0
17.402,0.0,0.0,0.0,0.0
17.404,0.0,0.0,0.0,0.0
17.406,0.0,0.0,0.0,0.0
17.408,0.0,0.0,0.0,0.0
17.41,0.0,0.0,0.0,0.0
17.412,0.0,0.0,0.0,0.0
17.414,0.0,0.0,0.0,0.0
17.416,0.0,0.0,0.0,0.0
17.418,0.0,0.0,0.0,0.0
17.42,0.0,0.0,0.0,0.0
17.422,0.0,0.0,0.0,0.0
17.424,0.0,0.0,0.0,0.0
17.426,0.0,0.0,0.0,0.0
17.428,0.0,0.0,0.0,0.0
17.43,0.0,0.0,0.0,0.0
17.432,0.0,0.0,0.0,0.0
17.434,0.0,0.0,0.0,0.0
17.436,0.0,0.0,0.0,0.0
17.438,0.0,0.0,0.0,0.0
17.44,0.0,0.0,0.0,0.0
17.442,0.0,0.0,0.0,0.0
17.444,0.0,0.0,0.0,0.0
17.446,0.0,0.0,0.0,0.0
17.448,0.0,0.0,0.0,0.0
17.45,0.0,0.0,0.0,0.0
17.452,0.0,0.0,0.0,0.0
17.454,0.0,0.0,0.0,0.0
17.456,0.0,0.0,0.0,0.0
17.458,0.0,0.0,0.0,0.0
17.46,0.0,0.0,0.0,0.0
17.462,0.0,0.0,0.0,0.0
17.464,0.0,0.0,0.0,0.0
17.466,0.0,0.0,0.0,0.0
17.468,0.0,0.0,0.0,0.0
17.47,0.0,0.0,0.0,0.0
17.472,0.0,0.0,0.0,0.0
17.474,0.0,0.0,0.0,0.0
17.476,0.0,0.0,0.0,0.0
17.478,0.0,0.0,0.0,0.0
17.48,0.0,0.0,0.0,0.0
17.482,0.0,0.0,0.0,0.0
17.484,0.0,0.0,0.0,0.0
17.486,0.0,0.0,0.0,0.0
17.488,0.0,0.0,0.0,0.0
17.49,0.0,0.0,0.0,0.0
17.492,0.0,0.0,0.0,0.0
17.494,0.0,0.0,0.0,0.0
17.496,0.0,0.0,0.0,0.0
17.498,0.0,0.0,0.0,0.0
17.5,0.0,0.0,0.0,0.0
17.502,0.0,0.0,0.0,0.0
17.504,0.0,0.0,0.0,0.0
17.506,0.0,0.0,0.0,0.0
17.508,0.0,0.0,0.0,0.0
17.51,0.0,0.0,0.0,0.0
17.512,0.0,0.0,0.0,0.0
17.514,0.0,0.0,0.0,0.0
17.516,0.0,0.0,0.0,0.0
17.518,0.0,0.0,0.0,0.0
17.52,0.0,0.0,0.0,0.0
17.522,0.0,0.0,0.0,0.0
17.524,0.0,0.0,0.0,0.0
17.526,0.0,0.0,0.0,0.0
17.528,0.0,0.0,0.0,0.0
17.53,0.0,0.0,0.0,0.0
17.532,0.0,0.0,0.0,0.0
17.534,0.0,0.0,0.0,0.0
17.536,0.0,0.0,0.0,0.0
17.538,0.0,0.0,0.0,0.0
17.54,0.0,0.0,0.0,0.0
17.542,0.0,0.0,0.0,0.0
17.544,0.0,0.0,0.0,0.0
17.546,0.0,0.0,0.0,0.0
17.548,0.0,0.0,0.0,0.0
17.55,0.0,0.0,0.0,0.0
17.552,0.0,0.0,0.0,0.0
17.554,0.0,0.0,0.0,0.0
17.556,0.0,0.0,0.0,0.0
17.558,0.0,0.0,0.0,0.0
17.56,0.0,0.0,0.0,0.0
17.562,0.0,0.0,0.0,0.0
17.564,0.0,0.0,0.0,0.0
17.566,0.0,0.0,0.0,0.0
17.568,0.0,0.0,0.0,0.0
17.57,0.0,0.0,0.0,0.0
17.572,0.0,0.0,0.0,0.0
17.574,0.0,0.0,0.0,0.0
17.576,0.0,0.0,0.0,0.0
17.578,0.0,0.0,0.0,0.0
17.58,0.0,0.0,0.0,0.0
17.582,0.0,0.0,0.0,0.0
17.584,0.0,0.0,0.0,0.0
17.586,0.0,0.0,0.0,0.0
17.588,0.0,0.0,0.0,0.0
17.59,0.0,0.0,0.0,0.0
17.592,0.0,0.0,0.0,0.0
17.594,0.0,0.0,0.0,0.0
17.596,0.0,0.0,0.0,0.0
17.598,0.0,0.0,0.0,0.0
17.6,0.0,0.0,0.0,0.0
17.602,0.0,0.0,0.0,0.0
17.604,0.0,0.0,0.0,0.0
17.606,0.0,0.0,0.0,0.0
17.608,0.0,0.0,0.0,0.0
17.61,0.0,0.0,0.0,0.0
17.612,0.0,0.0,0.0,0.0
17.614,0.0,0.0,0.0,0.0
17.616,0.0,0.0,0.0,0.0
17.618,0.0,0.0,0.0,0.0
17.62,0.0,0.0,0.0,0.0
17.622,0.0,0.0,0.0,0.0
17.624,0.0,0.0,0.0,0.0
17.626,0.0,0.0,0.0,0.0
17.628,0.0,0.0,0.0,0.0
17.63,0.0,0.0,0.0,0.0
17.632,0.0,0.0,0.0,0.0
17.634,0.0,0.0,0.0,0.0
17.636,0.0,0.0,0.0,0.0
17.638,0.0,0.0,0.0,0.0
17.64,0.0,0.0,0.0,0.0
17.642,0.0,0.0,0.0,0.0
17.644,0.0,0.0,0.0,0.0
17.646,0.0,0.0,0.0,0.0
17.648,0.0,0.0,0.0,0.0
17.65,0.0,0.0,0.0,0.0
17.652,0.0,0.0,0.0,0.0
17.654,0.0,0.0,0.0,0.0
17.656,0.0,0.0,0.0,0.0
17.658,0.0,0.0,0.0,0.0
17.66,0.0,0.0,0.0,0.0
17.662,0.0,0.0,0.0,0.0
17.664,0.0,0.0,0.0,0.0
17.666,0.0,0.0,0.0,0.0
17.668,0.0,0.0,0.0,0.0
17.67,0.0,0.0,0.0,0.0
17.672,0.0,0.0,0.0,0.0
17.674,0.0,0.0,0.0,0.0
17.676,0.0,0.0,0.0,0.0
17.678,0.0,0.0,0.0,0.0
17.68,0.0,0.0,0.0,0.0
17.682,0.0,0.0,0.0,0.0
17.684,0.0,0.0,0.0,0.0
17.686,0.0,0.0,0.0,0.0
17.688,0.0,0.0,0.0,0.0
17.69,0.0,0.0,0.0,0.0
17.692,0.0,0.0,0.0,0.0
17.694,0.0,0.0,0.0,0.0
17.696,0.0,0.0,0.0,0.0
17.698,0.0,0.0,0.0,0.0
17.7,0.0,0.0,0.0,0.0
17.702,0.0,0.0,0.0,0.0
17.704,0.0,0.0,0.0,0.0
17.706,0.0,0.0,0.0,0.0
17.708,0.0,0.0,0.0,0.0
17.71,0.0,0.0,0.0,0.0
17.712,0.0,0.0,0.0,0.0
17.714,0.0,0.0,0.0,0.0
17.716,0.0,0.0,0.0,0.0
17.718,0.0,0.0,0.0,0.0
17.72,0.0,0.0,0.0,0.0
17.722,0.0,0.0,0.0,0.0
17.724,0.0,0.0,0.0,0.0
17.726,0.0,0.0,0.0,0.0
17.728,0.0,0.0,0.0,0.0
17.73,0.0,0.0,0.0,0.0
17.732,0.0,0.0,0.0,0.0
17.734,0.0,0.0,0.0,0.0
17.736,0.0,0.0,0.0,0.0
17.738,0.0,0.0,0.0,0.0
17.74,0.0,0.0,0.0,0.0
17.742,0.0,0.0,0.0,0.0
17.744,0.0,0.0,0.0,0.0
17.746,0.0,0.0,0.0,0.0
17.748,0.0,0.0,0.0,0.0
17.75,0.0,0.0,0.0,0.0
17.752,0.0,0.0,0.0,0.0
17.754,0.0,0.0,0.0,0.0
17.756,0.0,0.0,0.0,0.0
17.758,0.0,0.0,0.0,0.0
17.76,0.0,0.0,0.0,0.0
17.762,0.0,0.0,0.0,0.0
17.764,0.0,0.0,0.0,0.0
17.766,0.0,0.0,0.0,0.0
17.768,0.0,0.0,0.0,0.0
17.77,0.0,0.0,0.0,0.0
17.772,0.0,0.0,0.0,0.0
17.774,0.0,0.0,0.0,0.0
17.776,0.0,0.0,0.0,0.0
17.778,0.0,0.0,0.0,0.0
17.78,0.0,0.0,0.0,0.0
17.782,0.0,0.0,0.0,0.0
17.784,0.0,0.0,0.0,0.0
17.786,0.0,0.0,0.0,0.0
17.788,0.0,0.0,0.0,0.0
17.79,0.0,0.0,0.0,0.0
17.792,0.0,0.0,0.0,0.0
17.794,0.0,0.0,0.0,0.0
17.796,0.0,0.0,0.0,0.0
17.798,0.0,0.0,0.0,0.0
17.8,0.0,0.0,0.0,0.0
17.802,0.0,0.0,0.0,0.0
17.804,0.0,0.0,0.0,0.0
17.806,0.0,0.0,0.0,0.0
17.808,0.0,0.0,0.0,0.0
17.81,0.0,0.0,0.0,0.0
17.812,0.0,0.0,0.0,0.0
17.814,0.0,0.0,0.0,0.0
17.816,0.0,0.0,0.0,0.0
17.818,0.0,0.0,0.0,0.0
17.82,0.0,0.0,0.0,0.0
17.822,0.0,0.0,0.0,0.0
17.824,0.0,0.0,0.0,0.0
17.826,0.0,0.0,0.0,0.0
17.828,0.0,0.0,0.0,0.0
17.83,0.0,0.0,0.0,0.0
17.832,0.0,0.0,0.0,0.0
17.834,0.0,0.0,0.0,0.0
17.836,0.0,0.0,0.0,0.0
17.838,0.0,0.0,0.0,0.0
17.84,0.0,0.0,0.0,0.0
17.842,0.0,0.0,0.0,0.0
17.844,0.0,0.0,0.0,0.0
17.846,0.0,0.0,0.0,0.0
17.848,0.0,0.0,0.0,0.0
17.85,0.0,0.0,0.0,0.0
17.852,0.0,0.0,0.0,0.0
17.854,0.0,0.0,0.0,0.0
17.856,0.0,0.0,0.0,0.0
17.858,0.0,0.0,0.0,0.0
17.86,0.0,0.0,0.0,0.0
17.862,0.0,0.0,0.0,0.0
17.864,0.0,0.0,0.0,0.0
17.866,0.0,0.0,0.0,0.0
17.868,0.0,0.0,0.0,0.0
17.87,0.0,0.0,0.0,0.0
17.872,0.0,0.0,0.0,0.0
17.874,0.0,0.0,0.0,0.0
17.876,0.0,0.0,0.0,0.0
17.878,0.0,0.0,0.0,0.0
17.88,0.0,0.0,0.0,0.0
17.882,0.0,0.0,0.0,0.0
17.884,0.0,0.0,0.0,0.0
17.886,0.0,0.0,0.0,0.0
17.888,0.0,0.0,0.0,0.0
17.89,0.0,0.0,0.0,0.0
17.892,0.0,0.0,0.0,0.0
17.894,0.0,0.0,0.0,0.0
17.896,0.0,0.0,0.0,0.0
17.898,0.0,0.0,0.0,0.0
17.9,0.0,0.0,0.0,0.0
17.902,0.0,0.0,0.0,0.0
17.904,0.0,0.0,0.0,0.0
17.906,0.0,0.0,0.0,0.0
17.908,0.0,0.0,0.0,0.0
17.91,0.0,0.0,0.0,0.0
17.912,0.0,0.0,0.0,0.0
17.914,0.0,0.0,0.0,0.0
17.916,0.0,0.0,0.0,0.0
17.918,0.0,0.0,0.0,0.0
17.92,0.0,0.0,0.0,0.0
17.922,0.0,0.0,0.0,0.0
17.924,0.0,0.0,0.0,0.0
17.926,0.0,0.0,0.0,0.0
17.928,0.0,0.0,0.0,0.0
17.93,0.0,0.0,0.0,0.0
17.932,0.0,0.0,0.0,0.0
17.934,0.0,0.0,0.0,0.0
17.936,0.0,0.0,0.0,0.0
17.938,0.0,0.0,0.0,0.0
17.94,0.0,0.0,0.0,0.0
17.942,0.0,0.0,0.0,0.0
17.944,0.0,0.0,0.0,0.0
17.946,0.0,0.0,0.0,0.0
17.948,0.0,0.0,0.0,0.0
17.95,0.0,0.0,0.0,0.0
17.952,0.0,0.0,0.0,0.0
17.954,0.0,0.0,0.0,0.0
17.956,0.0,0.0,0.0,0.0
17.958,0.0,0.0,0.0,0.0
17.96,0.0,0.0,0.0,0.0
17.962,0.0,0.0,0.0,0.0
17.964,0.0,0.0,0.0,0.0
17.966,0.0,0.0,0.0,0.0
17.968,0.0,0.0,0.0,0.0
17.97,0.0,0.0,0.0,0.0
17.972,0.0,0.0,0.0,0.0
17.974,0.0,0.0,0.0,0.0
17.976,0.0,0.0,0.0,0.0
17.978,0.0,0.0,0.0,0.0
17.98,0.0,0.0,0.0,0.0
17.982,0.0,0.0,0.0,0.0
17.984,0.0,0.0,0.0,0.0
17.986,0.0,0.0,0.0,0.0
17.988,0.0,0.0,0.0,0.0
17.99,0.0,0.0,0.0,0.0
17.992,0.0,0.0,0.0,0.0
17.994,0.0,0.0,0.0,0.0
17.996,0.0,0.0,0.0,0.0
17.998,0.0,0.0,0.0,0.0
18.0,0.0,0.0,0.0,0.0
18.002,0.0,0.0,0.0,0.0
18.004,0.0,0.0,0.0,0.0
18.006,0.0,0.0,0.0,0.0
18.008,0.0,0.0,0.0,0.0
18.01,0.0,0.0,0.0,0.0
18.012,0.0,0.0,0.0,0.0
18.014,0.0,0.0,0.0,0.0
18.016,0.0,0.0,0.0,0.0
18.018,0.0,0.0,0.0,0.0
18.02,0.0,0.0,0.0,0.0
18.022,0.0,0.0,0.0,0.0
18.024,0.0,0.0,0.0,0.0
18.026,0.0,0.0,0.0,0.0
18.028,0.0,0.0,0.0,0.0
18.03,0.0,0.0,0.0,0.0
18.032,0.0,0.0,0.0,0.0
18.034,0.0,0.0,0.0,0.0
18.036,0.0,0.0,0.0,0.0
18.038,0.0,0.0,0.0,0.0
18.04,0.0,0.0,0.0,0.0
18.042,0.0,0.0,0.0,0.0
18.044,0.0,0.0,0.0,0.0
18.046,0.0,0.0,0.0,0.0
18.048,0.0,0.0,0.0,0.0
18.05,0.0,0.0,0.0,0.0
18.052,0.0,0.0,0.0,0.0
18.054,0.0,0.0,0.0,0.0
18.056,0.0,0.0,0.0,0.0
18.058,0.0,0.0,0.0,0.0
18.06,0.0,0.0,0.0,0.0
18.062,0.0,0.0,0.0,0.0
18.064,0.0,0.0,0.0,0.0
18.066,0.0,0.0,0.0,0.0
18.068,0.0,0.0,0.0,0.0
18.07,0.0,0.0,0.0,0.0
18.072,0.0,0.0,0.0,0.0
18.074,0.0,0.0,0.0,0.0
18.076,0.0,0.0,0.0,0.0
18.078,0.0,0.0,0.0,0.0
18.08,0.0,0.0,0.0,0.0
18.082,0.0,0.0,0.0,0.0
18.084,0.0,0.0,0.0,0.0
18.086,0.0,0.0,0.0,0.0
18.088,0.0,0.0,0.0,0.0
18.09,0.0,0.0,0.0,0.0
18.092,0.0,0.0,0.0,0.0
18.094,0.0,0.0,0.0,0.0
18.096,0.0,0.0,0.0,0.0
18.098,0.0,0.0,0.0,0.0
18.1,0.0,0.0,0.0,0.0
18.102,0.0,0.0,0.0,0.0
18.104,0.0,0.0,0.0,0.0
18.106,0.0,0.0,0.0,0.0
18.108,0.0,0.0,0.0,0.0
18.11,0.0,0.0,0.0,0.0
18.112,0.0,0.0,0.0,0.0
18.114,0.0,0.0,0.0,0.0
18.116,0.0,0.0,0.0,0.0
18.118,0.0,0.0,0.0,0.0
18.12,0.0,0.0,0.0,0.0
18.122,0.0,0.0,0.0,0.0
18.124,0.0,0.0,0.0,0.0
18.126,0.0,0.0,0.0,0.0
18.128,0.0,0.0,0.0,0.0
18.13,0.0,0.0,0.0,0.0
18.132,0.0,0.0,0.0,0.0
18.134,0.0,0.0,0.0,0.0
18.136,0.0,0.0,0.0,0.0
18.138,0.0,0.0,0.0,0.0
18.14,0.0,0.0,0.0,0.0
18.142,0.0,0.0,0.0,0.0
18.144,0.0,0.0,0.0,0.0
18.146,0.0,0.0,0.0,0.0
18.148,0.0,0.0,0.0,0.0
18.15,0.0,0.0,0.0,0.0
18.152,0.0,0.0,0.0,0.0
18.154,0.0,0.0,0.0,0.0
18.156,0.0,0.0,0.0,0.0
18.158,0.0,0.0,0.0,0.0
18.16,0.0,0.0,0.0,0.0
18.162,0.0,0.0,0.0,0.0
18.164,0.0,0.0,0.0,0.0
18.166,0.0,0.0,0.0,0.0
18.168,0.0,0.0,0.0,0.0
18.17,0.0,0.0,0.0,0.0
18.172,0.0,0.0,0.0,0.0
18.174,0.0,0.0,0.0,0.0
18.176,0.0,0.0,0.0,0.0
18.178,0.0,0.0,0.0,0.0
18.18,0.0,0.0,0.0,0.0
18.182,0.0,0.0,0.0,0.0
18.184,0.0,0.0,0.0,0.0
18.186,0.0,0.0,0.0,0.0
18.188,0.0,0.0,0.0,0.0
18.19,0.0,0.0,0.0,0.0
18.192,0.0,0.0,0.0,0.0
18.194,0.0,0.0,0.0,0.0
18.196,0.0,0.0,0.0,0.0
18.198,0.0,0.0,0.0,0.0
18.2,0.0,0.0,0.0,0.0
18.202,0.0,0.0,0.0,0.0
18.204,0.0,0.0,0.0,0.0
18.206,0.0,0.0,0.0,0.0
18.208,0.0,0.0,0.0,0.0
18.21,0.0,0.0,0.0,0.0
18.212,0.0,0.0,0.0,0.0
18.214,0.0,0.0,0.0,0.0
18.216,0.0,0.0,0.0,0.0
18.218,0.0,0.0,0.0,0.0
18.22,0.0,0.0,0.0,0.0
18.222,0.0,0.0,0.0,0.0
18.224,0.0,0.0,0.0,0.0
18.226,0.0,0.0,0.0,0.0
18.228,0.0,0.0,0.0,0.0
18.23,0.0,0.0,0.0,0.0
18.232,0.0,0.0,0.0,0.0
18.234,0.0,0.0,0.0,0.0
18.236,0.0,0.0,0.0,0.0
18.238,0.0,0.0,0.0,0.0
18.24,0.0,0.0,0.0,0.0
18.242,0.0,0.0,0.0,0.0
18.244,0.0,0.0,0.0,0.0
18.246,0.0,0.0,0.0,0.0
18.248,0.0,0.0,0.0,0.0
18.25,0.0,0.0,0.0,0.0
18.252,0.0,0.0,0.0,0.0
18.254,0.0,0.0,0.0,0.0
18.256,0.0,0.0,0.0,0.0
18.258,0.0,0.0,0.0,0.0
18.26,0.0,0.0,0.0,0.0
18.262,0.0,0.0,0.0,0.0
18.264,0.0,0.0,0.0,0.0
18.266,0.0,0.0,0.0,0.0
18.268,0.0,0.0,0.0,0.0
18.27,0.0,0.0,0.0,0.0
18.272,0.0,0.0,0.0,0.0
18.274,0.0,0.0,0.0,0.0
18.276,0.0,0.0,0.0,0.0
18.278,0.0,0.0,0.0,0.0
18.28,0.0,0.0,0.0,0.0
18.282,0.0,0.0,0.0,0.0
18.284,0.0,0.0,0.0,0.0
18.286,0.0,0.0,0.0,0.0
18.288,0.0,0.0,0.0,0.0
18.29,0.0,0.0,0.0,0.0
18.292,0.0,0.0,0.0,0.0
18.294,0.0,0.0,0.0,0.0
18.296,0.0,0.0,0.0,0.0
18.298,0.0,0.0,0.0,0.0
18.3,0.0,0.0,0.0,0.0
18.302,0.0,0.0,0.0,0.0
18.304,0.0,0.0,0.0,0.0
18.306,0.0,0.0,0.0,0.0
18.308,0.0,0.0,0.0,0.0
18.31,0.0,0.0,0.0,0.0
18.312,0.0,0.0,0.0,0.0
18.314,0.0,0.0,0.0,0.0
18.316,0.0,0.0,0.0,0.0
18.318,0.0,0.0,0.0,0.0
18.32,0.0,0.0,0.0,0.0
18.322,0.0,0.0,0.0,0.0
18.324,0.0,0.0,0.0,0.0
18.326,0.0,0.0,0.0,0.0
18.328,0.0,0.0,0.0,0.0
18.33,0.0,0.0,0.0,0.0
18.332,0.0,0.0,0.0,0.0
18.334,0.0,0.0,0.0,0.0
18.336,0.0,0.0,0.0,0.0
18.338,0.0,0.0,0.0,0.0
18.34,0.0,0.0,0.0,0.0
18.342,0.0,0.0,0.0,0.0
18.344,0.0,0.0,0.0,0.0
18.346,0.0,0.0,0.0,0.0
18.348,0.0,0.0,0.0,0.0
18.35,0.0,0.0,0.0,0.0
18.352,0.0,0.0,0.0,0.0
18.354,0.0,0.0,0.0,0.0
18.356,0.0,0.0,0.0,0.0
18.358,0.0,0.0,0.0,0.0
18.36,0.0,0.0,0.0,0.0
18.362,0.0,0.0,0.0,0.0
18.364,0.0,0.0,0.0,0.0
18.366,0.0,0.0,0.0,0.0
18.368,0.0,0.0,0.0,0.0
18.37,0.0,0.0,0.0,0.0
18.372,0.0,0.0,0.0,0.0
18.374,0.0,0.0,0.0,0.0
18.376,0.0,0.0,0.0,0.0
18.378,0.0,0.0,0.0,0.0
18.38,0.0,0.0,0.0,0.0
18.382,0.0,0.0,0.0,0.0
18.384,0.0,0.0,0.0,0.0
18.386,0.0,0.0,0.0,0.0
18.388,0.0,0.0,0.0,0.0
18.39,0.0,0.0,0.0,0.0
18.392,0.0,0.0,0.0,0.0
18.394,0.0,0.0,0.0,0.0
18.396,0.0,0.0,0.0,0.0
18.398,0.0,0.0,0.0,0.0
18.4,0.0,0.0,0.0,0.0
18.402,0.0,0.0,0.0,0.0
18.404,0.0,0.0,0.0,0.0
18.406,0.0,0.0,0.0,0.0
18.408,0.0,0.0,0.0,0.0
18.41,0.0,0.0,0.0,0.0
18.412,0.0,0.0,0.0,0.0
18.414,0.0,0.0,0.0,0.0
18.416,0.0,0.0,0.0,0.0
18.418,0.0,0.0,0.0,0.0
18.42,0.0,0.0,0.0,0.0
18.422,0.0,0.0,0.0,0.0
18.424,0.0,0.0,0.0,0.0
18.426,0.0,0.0,0.0,0.0
18.428,0.0,0.0,0.0,0.0
18.43,0.0,0.0,0.0,0.0
18.432,0.0,0.0,0.0,0.0
18.434,0.0,0.0,0.0,0.0
18.436,0.0,0.0,0.0,0.0
18.438,0.0,0.0,0.0,0.0
18.44,0.0,0.0,0.0,0.0
18.442,0.0,0.0,0.0,0.0
18.444,0.0,0.0,0.0,0.0
18.446,0.0,0.0,0.0,0.0
18.448,0.0,0.0,0.0,0.0
18.45,0.0,0.0,0.0,0.0
18.452,0.0,0.0,0.0,0.0
18.454,0.0,0.0,0.0,0.0
18.456,0.0,0.0,0.0,0.0
18.458,0.0,0.0,0.0,0.0
18.46,0.0,0.0,0.0,0.0
18.462,0.0,0.0,0.0,0.0
18.464,0.0,0.0,0.0,0.0
18.466,0.0,0.0,0.0,0.0
18.468,0.0,0.0,0.0,0.0
18.47,0.0,0.0,0.0,0.0
18.472,0.0,0.0,0.0,0.0
18.474,0.0,0.0,0.0,0.0
18.476,0.0,0.0,0.0,0.0
18.478,0.0,0.0,0.0,0.0
18.48,0.0,0.0,0.0,0.0
18.482,0.0,0.0,0.0,0.0
18.484,0.0,0.0,0.0,0.0
18.486,0.0,0.0,0.0,0.0
18.488,0.0,0.0,0.0,0.0
18.49,0.0,0.0,0.0,0.0
18.492,0.0,0.0,0.0,0.0
18.494,0.0,0.0,0.0,0.0
18.496,0.0,0.0,0.0,0.0
18.498,0.0,0.0,0.0,0.0
18.5,0.0,0.0,0.0,0.0
18.502,0.0,0.0,0.0,0.0
18.504,0.0,0.0,0.0,0.0
18.506,0.0,0.0,0.0,0.0
18.508,0.0,0.0,0.0,0.0
18.51,0.0,0.0,0.0,0.0
18.512,0.0,0.0,0.0,0.0
18.514,0.0,0.0,0.0,0.0
18.516,0.0,0.0,0.0,0.0
18.518,0.0,0.0,0.0,0.0
18.52,0.0,0.0,0.0,0.0
18.522,0.0,0.0,0.0,0.0
18.524,0.0,0.0,0.0,0.0
18.526,0.0,0.0,0.0,0.0
18.528,0.0,0.0,0.0,0.0
18.53,0.0,0.0,0.0,0.0
18.532,0.0,0.0,0.0,0.0
18.534,0.0,0.0,0.0,0.0
18.536,0.0,0.0,0.0,0.0
18.538,0.0,0.0,0.0,0.0
18.54,0.0,0.0,0.0,0.0
18.542,0.0,0.0,0.0,0.0
18.544,0.0,0.0,0.0,0.0
18.546,0.0,0.0,0.0,0.0
18.548,0.0,0.0,0.0,0.0
18.55,0.0,0.0,0.0,0.0
18.552,0.0,0.0,0.0,0.0
18.554,0.0,0.0,0.0,0.0
18.556,0.0,0.0,0.0,0.0
18.558,0.0,0.0,0.0,0.0
18.56,0.0,0.0,0.0,0.0
18.562,0.0,0.0,0.0,0.0
18.564,0.0,0.0,0.0,0.0
18.566,0.0,0.0,0.0,0.0
18.568,0.0,0.0,0.0,0.0
18.57,0.0,0.0,0.0,0.0
18.572,0.0,0.0,0.0,0.0
18.574,0.0,0.0,0.0,0.0
18.576,0.0,0.0,0.0,0.0
18.578,0.0,0.0,0.0,0.0
18.58,0.0,0.0,0.0,0.0
18.582,0.0,0.0,0.0,0.0
18.584,0.0,0.0,0.0,0.0
18.586,0.0,0.0,0.0,0.0
18.588,0.0,0.0,0.0,0.0
18.59,0.0,0.0,0.0,0.0
18.592,0.0,0.0,0.0,0.0
18.594,0.0,0.0,0.0,0.0
18.596,0.0,0.0,0.0,0.0
18.598,0.0,0.0,0.0,0.0
18.6,0.0,0.0,0.0,0.0
18.602,0.0,0.0,0.0,0.0
18.604,0.0,0.0,0.0,0.0
18.606,0.0,0.0,0.0,0.0
18.608,0.0,0.0,0.0,0.0
18.61,0.0,0.0,0.0,0.0
18.612,0.0,0.0,0.0,0.0
18.614,0.0,0.0,0.0,0.0
18.616,0.0,0.0,0.0,0.0
18.618,0.0,0.0,0.0,0.0
18.62,0.0,0.0,0.0,0.0
18.622,0.0,0.0,0.0,0.0
18.624,0.0,0.0,0.0,0.0
18.626,0.0,0.0,0.0,0.0
18.628,0.0,0.0,0.0,0.0
18.63,0.0,0.0,0.0,0.0
18.632,0.0,0.0,0.0,0.0
18.634,0.0,0.0,0.0,0.0
18.636,0.0,0.0,0.0,0.0
18.638,0.0,0.0,0.0,0.0
18.64,0.0,0.0,0.0,0.0
18.642,0.0,0.0,0.0,0.0
18.644,0.0,0.0,0.0,0.0
18.646,0.0,0.0,0.0,0.0
18.648,0.0,0.0,0.0,0.0
18.65,0.0,0.0,0.0,0.0
18.652,0.0,0.0,0.0,0.0
18.654,0.0,0.0,0.0,0.0
18.656,0.0,0.0,0.0,0.0
18.658,0.0,0.0,0.0,0.0
18.66,0.0,0.0,0.0,0.0
18.662,0.0,0.0,0.0,0.0
18.664,0.0,0.0,0.0,0.0
18.666,0.0,0.0,0.0,0.0
18.668,0.0,0.0,0.0,0.0
18.67,0.0,0.0,0.0,0.0
18.672,0.0,0.0,0.0,0.0
18.674,0.0,0.0,0.0,0.0
18.676,0.0,0.0,0.0,0.0
18.678,0.0,0.0,0.0,0.0
18.68,0.0,0.0,0.0,0.0
18.682,0.0,0.0,0.0,0.0
18.684,0.0,0.0,0.0,0.0
18.686,0.0,0.0,0.0,0.0
18.688,0.0,0.0,0.0,0.0
18.69,0.0,0.0,0.0,0.0
18.692,0.0,0.0,0.0,0.0
18.694,0.0,0.0,0.0,0.0
18.696,0.0,0.0,0.0,0.0
18.698,0.0,0.0,0.0,0.0
18.7,0.0,0.0,0.0,0.0
18.702,0.0,0.0,0.0,0.0
18.704,0.0,0.0,0.0,0.0
18.706,0.0,0.0,0.0,0.0
18.708,0.0,0.0,0.0,0.0
18.71,0.0,0.0,0.0,0.0
18.712,0.0,0.0,0.0,0.0
18.714,0.0,0.0,0.0,0.0
18.716,0.0,0.0,0.0,0.0
18.718,0.0,0.0,0.0,0.0
18.72,0.0,0.0,0.0,0.0
18.722,0.0,0.0,0.0,0.0
18.724,0.0,0.0,0.0,0.0
18.726,0.0,0.0,0.0,0.0
18.728,0.0,0.0,0.0,0.0
18.73,0.0,0.0,0.0,0.0
18.732,0.0,0.0,0.0,0.0
18.734,0.0,0.0,0.0,0.0
18.736,0.0,0.0,0.0,0.0
18.738,0.0,0.0,0.0,0.0
18.74,0.0,0.0,0.0,0.0
18.742,0.0,0.0,0.0,0.0
18.744,0.0,0.0,0.0,0.0
18.746,0.0,0.0,0.0,0.0
18.748,0.0,0.0,0.0,0.0
18.75,0.0,0.0,0.0,0.0
18.752,0.0,0.0,0.0,0.0
18.754,0.0,0.0,0.0,0.0
18.756,0.0,0.0,0.0,0.0
18.758,0.0,0.0,0.0,0.0
18.76,0.0,0.0,0.0,0.0
18.762,0.0,0.0,0.0,0.0
18.764,0.0,0.0,0.0,0.0
18.766,0.0,0.0,0.0,0.0
18.768,0.0,0.0,0.0,0.0
18.77,0.0,0.0,0.0,0.0
18.772,0.0,0.0,0.0,0.0
18.774,0.0,0.0,0.0,0.0
18.776,0.0,0.0,0.0,0.0
18.778,0.0,0.0,0.0,0.0
18.78,0.0,0.0,0.0,0.0
18.782,0.0,0.0,0.0,0.0
18.784,0.0,0.0,0.0,0.0
18.786,0.0,0.0,0.0,0.0
18.788,0.0,0.0,0.0,0.0
18.79,0.0,0.0,0.0,0.0
18.792,0.0,0.0,0.0,0.0
18.794,0.0,0.0,0.0,0.0
18.796,0.0,0.0,0.0,0.0
18.798,0.0,0.0,0.0,0.0
18.8,0.0,0.0,0.0,0.0
18.802,0.0,0.0,0.0,0.0
18.804,0.0,0.0,0.0,0.0
18.806,0.0,0.0,0.0,0.0
18.808,0.0,0.0,0.0,0.0
18.81,0.0,0.0,0.0,0.0
18.812,0.0,0.0,0.0,0.0
18.814,0.0,0.0,0.0,0.0
18.816,0.0,0.0,0.0,0.0
18.818,0.0,0.0,0.0,0.0
18.82,0.0,0.0,0.0,0.0
18.822,0.0,0.0,0.0,0.0
18.824,0.0,0.0,0.0,0.0
18.826,0.0,0.0,0.0,0.0
18.828,0.0,0.0,0.0,0.0
18.83,0.0,0.0,0.0,0.0
18.832,0.0,0.0,0.0,0.0
18.834,0.0,0.0,0.0,0.0
18.836,0.0,0.0,0.0,0.0
18.838,0.0,0.0,0.0,0.0
18.84,0.0,0.0,0.0,0.0
18.842,0.0,0.0,0.0,0.0
18.844,0.0,0.0,0.0,0.0
18.846,0.0,0.0,0.0,0.0
18.848,0.0,0.0,0.0,0.0
18.85,0.0,0.0,0.0,0.0
18.852,0.0,0.0,0.0,0.0
18.854,0.0,0.0,0.0,0.0
18.856,0.0,0.0,0.0,0.0
18.858,0.0,0.0,0.0,0.0
18.86,0.0,0.0,0.0,0.0
18.862,0.0,0.0,0.0,0.0
18.864,0.0,0.0,0.0,0.0
18.866,0.0,0.0,0.0,0.0
18.868,0.0,0.0,0.0,0.0
18.87,0.0,0.0,0.0,0.0
18.872,0.0,0.0,0.0,0.0
18.874,0.0,0.0,0.0,0.0
18.876,0.0,0.0,0.0,0.0
18.878,0.0,0.0,0.0,0.0
18.88,0.0,0.0,0.0,0.0
18.882,0.0,0.0,0.0,0.0
18.884,0.0,0.0,0.0,0.0
18.886,0.0,0.0,0.0,0.0
18.888,0.0,0.0,0.0,0.0
18.89,0.0,0.0,0.0,0.0
18.892,0.0,0.0,0.0,0.0
18.894,0.0,0.0,0.0,0.0
18.896,0.0,0.0,0.0,0.0
18.898,0.0,0.0,0.0,0.0
18.9,0.0,0.0,0.0,0.0
18.902,0.0,0.0,0.0,0.0
18.904,0.0,0.0,0.0,0.0
18.906,0.0,0.0,0.0,0.0
18.908,0.0,0.0,0.0,0.0
18.91,0.0,0.0,0.0,0.0
18.912,0.0,0.0,0.0,0.0
18.914,0.0,0.0,0.0,0.0
18.916,0.0,0.0,0.0,0.0
18.918,0.0,0.0,0.0,0.0
18.92,0.0,0.0,0.0,0.0
18.922,0.0,0.0,0.0,0.0
18.924,0.0,0.0,0.0,0.0
18.926,0.0,0.0,0.0,0.0
18.928,0.0,0.0,0.0,0.0
18.93,0.0,0.0,0.0,0.0
18.932,0.0,0.0,0.0,0.0
18.934,0.0,0.0,0.0,0.0
18.936,0.0,0.0,0.0,0.0
18.938,0.0,0.0,0.0,0.0
18.94,0.0,0.0,0.0,0.0
18.942,0.0,0.0,0.0,0.0
18.944,0.0,0.0,0.0,0.0
18.946,0.0,0.0,0.0,0.0
18.948,0.0,0.0,0.0,0.0
18.95,0.0,0.0,0.0,0.0
18.952,0.0,0.0,0.0,0.0
18.954,0.0,0.0,0.0,0.0
18.956,0.0,0.0,0.0,0.0
18.958,0.0,0.0,0.0,0.0
18.96,0.0,0.0,0.0,0.0
18.962,0.0,0.0,0.0,0.0
18.964,0.0,0.0,0.0,0.0
18.966,0.0,0.0,0.0,0.0
18.968,0.0,0.0,0.0,0.0
18.97,0.0,0.0,0.0,0.0
18.972,0.0,0.0,0.0,0.0
18.974,0.0,0.0,0.0,0.0
18.976,0.0,0.0,0.0,0.0
18.978,0.0,0.0,0.0,0.0
18.98,0.0,0.0,0.0,0.0
18.982,0.0,0.0,0.0,0.0
18.984,0.0,0.0,0.0,0.0
18.986,0.0,0.0,0.0,0.0
18.988,0.0,0.0,0.0,0.0
18.99,0.0,0.0,0.0,0.0
18.992,0.0,0.0,0.0,0.0
18.994,0.0,0.0,0.0,0.0
18.996,0.0,0.0,0.0,0.0
18.998,0.0,0.0,0.0,0.0
19.0,0.0,0.0,0.0,0.0
19.002,0.0,0.0,0.0,0.0
19.004,0.0,0.0,0.0,0.0
19.006,0.0,0.0,0.0,0.0
19.008,0.0,0.0,0.0,0.0
19.01,0.0,0.0,0.0,0.0
19.012,0.0,0.0,0.0,0.0
19.014,0.0,0.0,0.0,0.0
19.016,0.0,0.0,0.0,0.0
19.018,0.0,0.0,0.0,0.0
19.02,0.0,0.0,0.0,0.0
19.022,0.0,0.0,0.0,0.0
19.024,0.0,0.0,0.0,0.0
19.026,0.0,0.0,0.0,0.0
19.028,0.0,0.0,0.0,0.0
19.03,0.0,0.0,0.0,0.0
19.032,0.0,0.0,0.0,0.0
19.034,0.0,0.0,0.0,0.0
19.036,0.0,0.0,0.0,0.0
19.038,0.0,0.0,0.0,0.0
19.04,0.0,0.0,0.0,0.0
19.042,0.0,0.0,0.0,0.0
19.044,0.0,0.0,0.0,0.0
19.046,0.0,0.0,0.0,0.0
19.048,0.0,0.0,0.0,0.0
19.05,0.0,0.0,0.0,0.0
19.052,0.0,0.0,0.0,0.0
19.054,0.0,0.0,0.0,0.0
19.056,0.0,0.0,0.0,0.0
19.058,0.0,0.0,0.0,0.0
19.06,0.0,0.0,0.0,0.0
19.062,0.0,0.0,0.0,0.0
19.064,0.0,0.0,0.0,0.0
19.066,0.0,0.0,0.0,0.0
19.068,0.0,0.0,0.0,0.0
19.07,0.0,0.0,0.0,0.0
19.072,0.0,0.0,0.0,0.0
19.074,0.0,0.0,0.0,0.0
19.076,0.0,0.0,0.0,0.0
19.078,0.0,0.0,0.0,0.0
19.08,0.0,0.0,0.0,0.0
19.082,0.0,0.0,0.0,0.0
19.084,0.0,0.0,0.0,0.0
19.086,0.0,0.0,0.0,0.0
19.088,0.0,0.0,0.0,0.0
19.09,0.0,0.0,0.0,0.0
19.092,0.0,0.0,0.0,0.0
19.094,0.0,0.0,0.0,0.0
19.096,0.0,0.0,0.0,0.0
19.098,0.0,0.0,0.0,0.0
19.1,0.0,0.0,0.0,0.0
19.102,0.0,0.0,0.0,0.0
19.104,0.0,0.0,0.0,0.0
19.106,0.0,0.0,0.0,0.0
19.108,0.0,0.0,0.0,0.0
19.11,0.0,0.0,0.0,0.0
19.112,0.0,0.0,0.0,0.0
19.114,0.0,0.0,0.0,0.0
19.116,0.0,0.0,0.0,0.0
19.118,0.0,0.0,0.0,0.0
19.12,0.0,0.0,0.0,0.0
19.122,0.0,0.0,0.0,0.0
19.124,0.0,0.0,0.0,0.0
19.126,0.0,0.0,0.0,0.0
19.128,0.0,0.0,0.0,0.0
19.13,0.0,0.0,0.0,0.0
19.132,0.0,0.0,0.0,0.0
19.134,0.0,0.0,0.0,0.0
19.136,0.0,0.0,0.0,0.0
19.138,0.0,0.0,0.0,0.0
19.14,0.0,0.0,0.0,0.0
19.142,0.0,0.0,0.0,0.0
19.144,0.0,0.0,0.0,0.0
19.146,0.0,0.0,0.0,0.0
19.148,0.0,0.0,0.0,0.0
19.15,0.0,0.0,0.0,0.0
19.152,0.0,0.0,0.0,0.0
19.154,0.0,0.0,0.0,0.0
19.156,0.0,0.0,0.0,0.0
19.158,0.0,0.0,0.0,0.0
19.16,0.0,0.0,0.0,0.0
19.162,0.0,0.0,0.0,0.0
19.164,0.0,0.0,0.0,0.0
19.166,0.0,0.0,0.0,0.0
19.168,0.0,0.0,0.0,0.0
19.17,0.0,0.0,0.0,0.0
19.172,0.0,0.0,0.0,0.0
19.174,0.0,0.0,0.0,0.0
19.176,0.0,0.0,0.0,0.0
19.178,0.0,0.0,0.0,0.0
19.18,0.0,0.0,0.0,0.0
19.182,0.0,0.0,0.0,0.0
19.184,0.0,0.0,0.0,0.0
19.186,0.0,0.0,0.0,0.0
19.188,0.0,0.0,0.0,0.0
19.19,0.0,0.0,0.0,0.0
19.192,0.0,0.0,0.0,0.0
19.194,0.0,0.0,0.0,0.0
19.196,0.0,0.0,0.0,0.0
19.198,0.0,0.0,0.0,0.0
19.2,0.0,0.0,0.0,0.0
19.202,0.0,0.0,0.0,0.0
19.204,0.0,0.0,0.0,0.0
19.206,0.0,0.0,0.0,0.0
19.208,0.0,0.0,0.0,0.0
19.21,0.0,0.0,0.0,0.0
19.212,0.0,0.0,0.0,0.0
19.214,0.0,0.0,0.0,0.0
19.216,0.0,0.0,0.0,0.0
19.218,0.0,0.0,0.0,0.0
19.22,0.0,0.0,0.0,0.0
19.222,0.0,0.0,0.0,0.0
19.224,0.0,0.0,0.0,0.0
19.226,0.0,0.0,0.0,0.0
19.228,0.0,0.0,0.0,0.0
19.23,0.0,0.0,0.0,0.0
19.232,0.0,0.0,0.0,0.0
19.234,0.0,0.0,0.0,0.0
19.236,0.0,0.0,0.0,0.0
19.238,0.0,0.0,0.0,0.0
19.24,0.0,0.0,0.0,0.0
19.242,0.0,0.0,0.0,0.0
19.244,0.0,0.0,0.0,0.0
19.246,0.0,0.0,0.0,0.0
19.248,0.0,0.0,0.0,0.0
19.25,0.0,0.0,0.0,0.0
19.252,0.0,0.0,0.0,0.0
19.254,0.0,0.0,0.0,0.0
19.256,0.0,0.0,0.0,0.0
19.258,0.0,0.0,0.0,0.0
19.26,0.0,0.0,0.0,0.0
19.262,0.0,0.0,0.0,0.0
19.264,0.0,0.0,0.0,0.0
19.266,0.0,0.0,0.0,0.0
19.268,0.0,0.0,0.0,0.0
19.27,0.0,0.0,0.0,0.0
19.272,0.0,0.0,0.0,0.0
19.274,0.0,0.0,0.0,0.0
19.276,0.0,0.0,0.0,0.0
19.278,0.0,0.0,0.0,0.0
19.28,0.0,0.0,0.0,0.0
19.282,0.0,0.0,0.0,0.0
19.284,0.0,0.0,0.0,0.0
19.286,0.0,0.0,0.0,0.0
19.288,0.0,0.0,0.0,0.0
19.29,0.0,0.0,0.0,0.0
19.292,0.0,0.0,0.0,0.0
19.294,0.0,0.0,0.0,0.0
19.296,0.0,0.0,0.0,0.0
19.298,0.0,0.0,0.0,0.0
19.3,0.0,0.0,0.0,0.0
19.302,0.0,0.0,0.0,0.0
19.304,0.0,0.0,0.0,0.0
19.306,0.0,0.0,0.0,0.0
19.308,0.0,0.0,0.0,0.0
19.31,0.0,0.0,0.0,0.0
19.312,0.0,0.0,0.0,0.0
19.314,0.0,0.0,0.0,0.0
19.316,0.0,0.0,0.0,0.0
19.318,0.0,0.0,0.0,0.0
19.32,0.0,0.0,0.0,0.0
19.322,0.0,0.0,0.0,0.0
19.324,0.0,0.0,0.0,0.0
19.326,0.0,0.0,0.0,0.0
19.328,0.0,0.0,0.0,0.0
19.33,0.0,0.0,0.0,0.0
19.332,0.0,0.0,0.0,0.0
19.334,0.0,0.0,0.0,0.0
19.336,0.0,0.0,0.0,0.0
19.338,0.0,0.0,0.0,0.0
19.34,0.0,0.0,0.0,0.0
19.342,0.0,0.0,0.0,0.0
19.344,0.0,0.0,0.0,0.0
19.346,0.0,0.0,0.0,0.0
19.348,0.0,0.0,0.0,0.0
19.35,0.0,0.0,0.0,0.0
19.352,0.0,0.0,0.0,0.0
19.354,0.0,0.0,0.0,0.0
19.356,0.0,0.0,0.0,0.0
19.358,0.0,0.0,0.0,0.0
19.36,0.0,0.0,0.0,0.0
19.362,0.0,0.0,0.0,0.0
19.364,0.0,0.0,0.0,0.0
19.366,0.0,0.0,0.0,0.0
19.368,0.0,0.0,0.0,0.0
19.37,0.0,0.0,0.0,0.0
19.372,0.0,0.0,0.0,0.0
19.374,0.0,0.0,0.0,0.0
19.376,0.0,0.0,0.0,0.0
19.378,0.0,0.0,0.0,0.0
19.38,0.0,0.0,0.0,0.0
19.382,0.0,0.0,0.0,0.0
19.384,0.0,0.0,0.0,0.0
19.386,0.0,0.0,0.0,0.0
19.388,0.0,0.0,0.0,0.0
19.39,0.0,0.0,0.0,0.0
19.392,0.0,0.0,0.0,0.0
19.394,0.0,0.0,0.0,0.0
19.396,0.0,0.0,0.0,0.0
19.398,0.0,0.0,0.0,0.0
19.4,0.0,0.0,0.0,0.0
19.402,0.0,0.0,0.0,0.0
19.404,0.0,0.0,0.0,0.0
19.406,0.0,0.0,0.0,0.0
19.408,0.0,0.0,0.0,0.0
19.41,0.0,0.0,0.0,0.0
19.412,0.0,0.0,0.0,0.0
19.414,0.0,0.0,0.0,0.0
19.416,0.0,0.0,0.0,0.0
19.418,0.0,0.0,0.0,0.0
19.42,0.0,0.0,0.0,0.0
19.422,0.0,0.0,0.0,0.0
19.424,0.0,0.0,0.0,0.0
19.426,0.0,0.0,0.0,0.0
19.428,0.0,0.0,0.0,0.0
19.43,0.0,0.0,0.0,0.0
19.432,0.0,0.0,0.0,0.0
19.434,0.0,0.0,0.0,0.0
19.436,0.0,0.0,0.0,0.0
19.438,0.0,0.0,0.0,0.0
19.44,0.0,0.0,0.0,0.0
19.442,0.0,0.0,0.0,0.0
19.444,0.0,0.0,0.0,0.0
19.446,0.0,0.0,0.0,0.0
19.448,0.0,0.0,0.0,0.0
19.45,0.0,0.0,0.0,0.0
19.452,0.0,0.0,0.0,0.0
19.454,0.0,0.0,0.0,0.0
19.456,0.0,0.0,0.0,0.0
19.458,0.0,0.0,0.0,0.0
19.46,0.0,0.0,0.0,0.0
19.462,0.0,0.0,0.0,0.0
19.464,0.0,0.0,0.0,0.0
19.466,0.0,0.0,0.0,0.0
19.468,0.0,0.0,0.0,0.0
19.47,0.0,0.0,0.0,0.0
19.472,0.0,0.0,0.0,0.0
19.474,0.0,0.0,0.0,0.0
19.476,0.0,0.0,0.0,0.0
19.478,0.0,0.0,0.0,0.0
19.48,0.0,0.0,0.0,0.0
19.482,0.0,0.0,0.0,0.0
19.484,0.0,0.0,0.0,0.0
19.486,0.0,0.0,0.0,0.0
19.488,0.0,0.0,0.0,0.0
19.49,0.0,0.0,0.0,0.0
19.492,0.0,0.0,0.0,0.0
19.494,0.0,0.0,0.0,0.0
19.496,0.0,0.0,0.0,0.0
19.498,0.0,0.0,0.0,0.0
19.5,0.0,0.0,0.0,0.0
19.502,0.0,0.0,0.0,0.0
19.504,0.0,0.0,0.0,0.0
19.506,0.0,0.0,0.0,0.0
19.508,0.0,0.0,0.0,0.0
19.51,0.0,0.0,0.0,0.0
19.512,0.0,0.0,0.0,0.0
19.514,0.0,0.0,0.0,0.0
19.516,0.0,0.0,0.0,0.0
19.518,0.0,0.0,0.0,0.0
19.52,0.0,0.0,0.0,0.0
19.522,0.0,0.0,0.0,0.0
19.524,0.0,0.0,0.0,0.0
19.526,0.0,0.0,0.0,0.0
19.528,0.0,0.0,0.0,0.0
19.53,0.0,0.0,0.0,0.0
19.532,0.0,0.0,0.0,0.0
19.534,0.0,0.0,0.0,0.0
19.536,0.0,0.0,0.0,0.0
19.538,0.0,0.0,0.0,0.0
19.54,0.0,0.0,0.0,0.0
19.542,0.0,0.0,0.0,0.0
19.544,0.0,0.0,0.0,0.0
19.546,0.0,0.0,0.0,0.0
19.548,0.0,0.0,0.0,0.0
19.55,0.0,0.0,0.0,0.0
19.552,0.0,0.0,0.0,0.0
19.554,0.0,0.0,0.0,0.0
19.556,0.0,0.0,0.0,0.0
19.558,0.0,0.0,0.0,0.0
19.56,0.0,0.0,0.0,0.0
19.562,0.0,0.0,0.0,0.0
19.564,0.0,0.0,0.0,0.0
19.566,0.0,0.0,0.0,0.0
19.568,0.0,0.0,0.0,0.0
19.57,0.0,0.0,0.0,0.0
19.572,0.0,0.0,0.0,0.0
19.574,0.0,0.0,0.0,0.0
19.576,0.0,0.0,0.0,0.0
19.578,0.0,0.0,0.0,0.0
19.58,0.0,0.0,0.0,0.0
19.582,0.0,0.0,0.0,0.0
19.584,0.0,0.0,0.0,0.0
19.586,0.0,0.0,0.0,0.0
19.588,0.0,0.0,0.0,0.0
19.59,0.0,0.0,0.0,0.0
19.592,0.0,0.0,0.0,0.0
19.594,0.0,0.0,0.0,0.0
19.596,0.0,0.0,0.0,0.0
19.598,0.0,0.0,0.0,0.0
19.6,0.0,0.0,0.0,0.0
19.602,0.0,0.0,0.0,0.0
19.604,0.0,0.0,0.0,0.0
19.606,0.0,0.0,0.0,0.0
19.608,0.0,0.0,0.0,0.0
19.61,0.0,0.0,0.0,0.0
19.612,0.0,0.0,0.0,0.0
19.614,0.0,0.0,0.0,0.0
19.616,0.0,0.0,0.0,0.0
19.618,0.0,0.0,0.0,0.0
19.62,0.0,0.0,0.0,0.0
19.622,0.0,0.0,0.0,0.0
19.624,0.0,0.0,0.0,0.0
19.626,0.0,0.0,0.0,0.0
19.628,0.0,0.0,0.0,0.0
19.63,0.0,0.0,0.0,0.0
19.632,0.0,0.0,0.0,0.0
19.634,0.0,0.0,0.0,0.0
19.636,0.0,0.0,0.0,0.0
19.638,0.0,0.0,0.0,0.0
19.64,0.0,0.0,0.0,0.0
19.642,0.0,0.0,0.0,0.0
19.644,0.0,0.0,0.0,0.0
19.646,0.0,0.0,0.0,0.0
19.648,0.0,0.0,0.0,0.0
19.65,0.0,0.0,0.0,0.0
19.652,0.0,0.0,0.0,0.0
19.654,0.0,0.0,0.0,0.0
19.656,0.0,0.0,0.0,0.0
19.658,0.0,0.0,0.0,0.0
19.66,0.0,0.0,0.0,0.0
19.662,0.0,0.0,0.0,0.0
19.664,0.0,0.0,0.0,0.0
19.666,0.0,0.0,0.0,0.0
19.668,0.0,0.0,0.0,0.0
19.67,0.0,0.0,0.0,0.0
19.672,0.0,0.0,0.0,0.0
19.674,0.0,0.0,0.0,0.0
19.676,0.0,0.0,0.0,0.0
19.678,0.0,0.0,0.0,0.0
19.68,0.0,0.0,0.0,0.0
19.682,0.0,0.0,0.0,0.0
19.684,0.0,0.0,0.0,0.0
19.686,0.0,0.0,0.0,0.0
19.688,0.0,0.0,0.0,0.0
19.69,0.0,0.0,0.0,0.0
19.692,0.0,0.0,0.0,0.0
19.694,0.0,0.0,0.0,0.0
19.696,0.0,0.0,0.0,0.0
19.698,0.0,0.0,0.0,0.0
19.7,0.0,0.0,0.0,0.0
19.702,0.0,0.0,0.0,0.0
19.704,0.0,0.0,0.0,0.0
19.706,0.0,0.0,0.0,0.0
19.708,0.0,0.0,0.0,0.0
19.71,0.0,0.0,0.0,0.0
19.712,0.0,0.0,0.0,0.0
19.714,0.0,0.0,0.0,0.0
19.716,0.0,0.0,0.0,0.0
19.718,0.0,0.0,0.0,0.0
19.72,0.0,0.0,0.0,0.0
19.722,0.0,0.0,0.0,0.0
19.724,0.0,0.0,0.0,0.0
19.726,0.0,0.0,0.0,0.0
19.728,0.0,0.0,0.0,0.0
19.73,0.0,0.0,0.0,0.0
19.732,0.0,0.0,0.0,0.0
19.734,0.0,0.0,0.0,0.0
19.736,0.0,0.0,0.0,0.0
19.738,0.0,0.0,0.0,0.0
19.74,0.0,0.0,0.0,0.0
19.742,0.0,0.0,0.0,0.0
19.744,0.0,0.0,0.0,0.0
19.746,0.0,0.0,0.0,0.0
19.748,0.0,0.0,0.0,0.0
19.75,0.0,0.0,0.0,0.0
19.752,0.0,0.0,0.0,0.0
19.754,0.0,0.0,0.0,0.0
19.756,0.0,0.0,0.0,0.0
19.758,0.0,0.0,0.0,0.0
19.76,0.0,0.0,0.0,0.0
19.762,0.0,0.0,0.0,0.0
19.764,0.0,0.0,0.0,0.0
19.766,0.0,0.0,0.0,0.0
19.768,0.0,0.0,0.0,0.0
19.77,0.0,0.0,0.0,0.0
19.772,0.0,0.0,0.0,0.0
19.774,0.0,0.0,0.0,0.0
19.776,0.0,0.0,0.0,0.0
19.778,0.0,0.0,0.0,0.0
19.78,0.0,0.0,0.0,0.0
19.782,0.0,0.0,0.0,0.0
19.784,0.0,0.0,0.0,0.0
19.786,0.0,0.0,0.0,0.0
19.788,0.0,0.0,0.0,0.0
19.79,0.0,0.0,0.0,0.0
19.792,0.0,0.0,0.0,0.0
19.794,0.0,0.0,0.0,0.0
19.796,0.0,0.0,0.0,0.0
19.798,0.0,0.0,0.0,0.0
19.8,0.0,0.0,0.0,0.0
19.802,0.0,0.0,0.0,0.0
19.804,0.0,0.0,0.0,0.0
19.806,0.0,0.0,0.0,0.0
19.808,0.0,0.0,0.0,0.0
19.81,0.0,0.0,0.0,0.0
19.812,0.0,0.0,0.0,0.0
19.814,0.0,0.0,0.0,0.0
19.816,0.0,0.0,0.0,0.0
19.818,0.0,0.0,0.0,0.0
19.82,0.0,0.0,0.0,0.0
19.822,0.0,0.0,0.0,0.0
19.824,0.0,0.0,0.0,0.0
19.826,0.0,0.0,0.0,0.0
19.828,0.0,0.0,0.0,0.0
19.83,0.0,0.0,0.0,0.0
19.832,0.0,0.0,0.0,0.0
19.834,0.0,0.0,0.0,0.0
19.836,0.0,0.0,0.0,0.0
19.838,0.0,0.0,0.0,0.0
19.84,0.0,0.0,0.0,0.0
19.842,0.0,0.0,0.0,0.0
19.844,0.0,0.0,0.0,0.0
19.846,0.0,0.0,0.0,0.0
19.848,0.0,0.0,0.0,0.0
19.85,0.0,0.0,0.0,0.0
19.852,0.0,0.0,0.0,0.0
19.854,0.0,0.0,0.0,0.0
19.856,0.0,0.0,0.0,0.0
19.858,0.0,0.0,0.0,0.0
19.86,0.0,0.0,0.0,0.0
19.862,0.0,0.0,0.0,0.0
19.864,0.0,0.0,0.0,0.0
19.866,0.0,0.0,0.0,0.0
19.868,0.0,0.0,0.0,0.0
19.87,0.0,0.0,0.0,0.0
19.872,0.0,0.0,0.0,0.0
19.874,0.0,0.0,0.0,0.0
19.876,0.0,0.0,0.0,0.0
19.878,0.0,0.0,0.0,0.0
19.88,0.0,0.0,0.0,0.0
19.882,0.0,0.0,0.0,0.0
19.884,0.0,0.0,0.0,0.0
19.886,0.0,0.0,0.0,0.0
19.888,0.0,0.0,0.0,0.0
19.89,0.0,0.0,0.0,0.0
19.892,0.0,0.0,0.0,0.0
19.894,0.0,0.0,0.0,0.0
19.896,0.0,0.0,0.0,0.0
19.898,0.0,0.0,0.0,0.0
19.9,0.0,0.0,0.0,0.0
19.902,0.0,0.0,0.0,0.0
19.904,0.0,0.0,0.0,0.0
19.906,0.0,0.0,0.0,0.0
19.908,0.0,0.0,0.0,0.0
19.91,0.0,0.0,0.0,0.0
19.912,0.0,0.0,0.0,0.0
19.914,0.0,0.0,0.0,0.0
19.916,0.0,0.0,0.0,0.0
19.918,0.0,0.0,0.0,0.0
19.92,0.0,0.0,0.0,0.0
19.922,0.0,0.0,0.0,0.0
19.924,0.0,0.0,0.0,0.0
19.926,0.0,0.0,0.0,0.0
19.928,0.0,0.0,0.0,0.0
19.93,0.0,0.0,0.0,0.0
19.932,0.0,0.0,0.0,0.0
19.934,0.0,0.0,0.0,0.0
19.936,0.0,0.0,0.0,0.0
19.938,0.0,0.0,0.0,0.0
19.94,0.0,0.0,0.0,0.0
19.942,0.0,0.0,0.0,0.0
19.944,0.0,0.0,0.0,0.0
19.946,0.0,0.0,0.0,0.0
19.948,0.0,0.0,0.0,0.0
19.95,0.0,0.0,0.0,0.0
19.952,0.0,0.0,0.0,0.0
19.954,0.0,0.0,0.0,0.0
19.956,0.0,0.0,0.0,0.0
19.958,0.0,0.0,0.0,0.0
19.96,0.0,0.0,0.0,0.0
19.962,0.0,0.0,0.0,0.0
19.964,0.0,0.0,0.0,0.0
19.966,0.0,0.0,0.0,0.0
19.968,0.0,0.0,0.0,0.0
19.97,0.0,0.0,0.0,0.0
19.972,0.0,0.0,0.0,0.0
19.974,0.0,0.0,0.0,0.0
19.976,0.0,0.0,0.0,0.0
19.978,0.0,0.0,0.0,0.0
19.98,0.0,0.0,0.0,0.0
19.982,0.0,0.0,0.0,0.0
19.984,0.0,0.0,0.0,0.0
19.986,0.0,0.0,0.0,0.0
19.988,0.0,0.0,0.0,0.0
19.99,0.0,0.0,0.0,0.0
19.992,0.0,0.0,0.0,0.0
19.994,0.0,0.0,0.0,0.0
19.996,0.0,0.0,0.0,0.0
19.998,0.0,0.0,0.0,0.0
